-8793
6473
9394
5067
2665
-4714
-6556
-6508
3135
4148
795
-628
-1094
-2900
228
-7102
900
-4802
-9557
-7431
5688
960
-6654
1386
329
-813
-7522
7221
-3594
-2082
-6272
-4046
-2255
-9578
3534
-5130
2554
-1997
4646
2636
-9689
3843
-8470
9831
-1167
-1267
-6357
2728
-3831
-9308
9396
4058
8147
2583
-2399
3452
8787
-1530
-4898
1391
4156
-7986
258
-2796
2320
-7944
-9753
-81
-1164
-159
6777
-4473
956
-1676
3358
-7589
-8541
5412
5708
3030
-6980
5771
4667
3115
5858
5971
7881
1263
647
8170
-9531
7913
1707
2073
3515
-2403
-6244
-7725
3692
4321
-5945
-1872
9732
-7828
2064
6373
-9603
-2593
6508
-7474
-9879
-7943
-895
382
5262
6470
4499
1989
560
1671
-5169
1768
4908
-5682
-9671
7505
2158
7231
-3467
7152
1710
4133
-2974
3033
-7081
-5456
-4939
-7153
3648
-8976
-8773
590
-6514
-5784
2867
204
-7816
7647
840
-4893
191
4433
-3860
9555
1296
5534
-7366
9074
7544
-4864
1826
2344
-7764
9775
9865
-9218
8597
7717
3487
-2341
-6078
7617
-610
-1931
2543
2572
-6382
1049
8160
-3931
5876
-3118
-841
-4745
3345
-2004
1683
188
-8577
8528
-9313
-4404
7308
5055
9639
-6401
-4682
6977
-2614
-2455
7728
2153
-4926
-6438
7205
-4545
-6922
8113
-2712
-848
-5683
1975
710
-6062
6424
-577
-2574
-7332
5295
-1641
6132
170
2247
9950
-4999
2837
703
-1425
-4447
-118
2213
1939
2125
4601
4532
2720
574
1662
-9593
-5913
-2215
655
-4063
8226
-2095
5748
8043
-9026
1845
-6629
-9597
-429
8192
-9489
-8680
7063
6586
8222
-2375
-2785
-9060
1555
-3657
1416
122
-8818
420
1004
-8071
3415
4235
-1672
6699
8744
-7267
1402
-9617
9549
-9931
3258
-85
-934
-7872
8756
2381
-8520
6474
-6669
3848
6417
-5855
-3489
-6380
-3482
7217
3345
-3262
-7024
1056
2625
448
-5151
1298
-7575
9440
7636
-6529
-5280
-7475
-7018
-9495
-6942
8376
-5161
1342
-7932
8172
1287
-8536
2595
2172
5289
-4267
-2851
9617
-4440
4105
3155
5430
4112
-1680
-5887
-6315
-2790
-4681
-6182
3841
1356
1807
7274
2915
-163
-2075
9932
-3607
-1828
846
-9525
5509
1247
-7141
-9410
1915
9838
-764
-7885
-353
875
-3878
-6308
-8466
-2925
9514
-5278
-953
1069
2755
-9667
3270
636
-9946
2674
-1441
67
-6229
3019
8675
1803
3855
-4107
-8230
-432
5054
-5632
1973
-1568
2290
314
-8184
5215
492
-2041
613
1976
2352
-6071
-4376
-9421
-5817
-249
-1079
4705
1646
-7298
8093
-8166
-6249
-9601
9410
-2020
1491
6653
-1191
6714
4430
2773
-8000
-8800
9422
-8618
701
2759
-9675
5094
2845
9195
3982
-4235
-391
3627
-3429
-7092
9145
160
5876
7211
6119
-268
-8500
3811
-750
-7067
-8460
1945
9812
-7264
7216
8050
6637
-7504
-5793
-7279
-2723
2946
1008
-5655
9374
7586
4308
-9702
-8394
-1007
-9682
-6073
-757
5527
-8060
-2423
6627
2726
2608
6193
1136
-7522
-8509
8073
980
-9627
5058
-7248
-4031
9582
1880
9894
-4529
68
-3550
256
8495
-2314
1865
-5948
-4208
6432
3847
-8903
-1571
-5872
9974
671
-6422
3806
6185
-2643
-3007
-8432
-190
8119
-2470
-172
-8090
-5551
-9710
1191
-7324
568
9387
-5080
-103
-511
-7008
-8704
2158
-6833
816
-3726
7287
-9380
-2044
1923
-4037
-6986
8155
-803
566
-1742
-5097
2970
5273
-3924
9272
3166
-2595
-6554
-7260
1388
6209
-9201
4863
7458
-2851
9504
4339
-6287
4126
1241
9581
3168
-4690
7683
3725
-2398
-5359
-5542
3918
-9215
-964
-4084
-4209
7008
4640
-2930
6857
-1363
-6593
-4159
-9533
-6504
-8999
-5552
1796
-6763
-6982
-6080
2759
6107
6955
2396
1605
-2824
3042
6364
5313
8034
-7878
4186
7051
5684
-2357
6467
-267
2781
-7759
1036
-4810
-5430
-1173
5048
-9548
-4118
-3647
-4670
4231
-6525
-2302
-2908
-9061
2767
-7188
1650
409
-1250
-4246
1374
8081
-8397
2815
8586
7448
-642
2785
-218
-3686
7822
8900
6167
-6480
-9720
5845
1762
8539
-1218
-5939
-9717
-3347
9559
-5048
-2287
-9961
-2637
369
2990
-5167
6275
-8760
6647
-1568
-3661
3878
-1832
4280
8886
-4065
-7038
-5294
-4335
2729
4048
5861
7756
12
8346
-8721
-2814
-2455
-9323
3644
-4971
6799
7694
5479
-177
-3715
-5778
-2022
7563
-4536
-9443
829
-978
-134
-7712
-6876
-4123
2540
4008
4118
9941
-4861
-5709
6010
-630
-5812
-9434
-5261
4054
8361
-5340
3713
9303
-6826
6158
7531
-5826
-672
8377
-4289
-6313
5395
7106
-8434
2263
5966
3714
-5297
-926
569
8863
7290
-2274
695
8547
-5005
1418
-7008
7134
-7082
-3497
4230
844
-5935
7852
2801
3192
4565
-6998
7098
-3434
4040
4783
3826
8320
9780
6657
3168
-6205
6894
8059
2802
-7236
6923
-4091
-7522
2287
9897
-9409
-2800
-8586
4917
7445
917
2149
7045
-5401
-4981
5389
-6367
4198
-2732
2812
2872
3799
-3098
4880
6515
9317
9952
-7255
8422
-3714
-549
926
8740
3865
1463
-6656
-7635
-4264
-1217
-5860
-5242
-8165
8839
-7007
5696
-7253
4881
-4346
8489
-2824
6184
-1190
-3721
1925
-3161
8216
-7622
7099
1906
504
-363
7878
1220
9004
6237
8742
4347
-1203
108
-5960
-1673
-4589
1350
-414
8821
5059
-6610
-756
2910
8536
7844
6261
2520
-5604
-9116
-2449
1560
273
741
-1795
-2364
7468
3443
-3087
-6522
4429
8104
-6941
5744
-2427
7910
6561
1791
7968
231
1807
-8212
2722
-7593
-447
-6458
4833
-3238
-3891
434
-3436
1297
-8894
-7149
607
-9714
-3477
9606
900
-4808
-5435
9026
4950
9752
119
-2337
2878
-7695
-3834
2512
-4418
-8681
7736
-2830
76
-941
3177
4120
-8247
-8905
2383
4942
-9291
4902
8542
-6912
-4026
5068
-7870
-4036
-1878
-6640
3112
2908
8520
7169
8743
-8995
6353
-6866
-8975
-8763
-1173
7987
7028
4087
-8591
7388
-2551
2414
1540
-1279
-610
7286
-4368
9735
-1404
-9410
-4209
-1089
-5565
-1746
-7590
-7741
-1266
1062
-3275
-3944
-8742
-6454
6605
-2209
2430
-4032
-1251
-267
8883
973
3619
1271
1862
-4065
-7524
5354
801
-5142
-3487
2776
-8114
-5944
2305
-5766
-1989
-7799
5070
4675
-708
3924
-9278
3755
5920
-3701
-4441
8697
-1601
7797
-3493
-6428
2530
5975
708
8121
7621
-7578
-1776
-1190
-698
9227
-6116
-3046
427
-3435
-2190
8159
-2499
-3195
-4888
-6422
-1932
2082
-5607
-9818
6606
3665
3167
1074
-3694
-5321
7220
-3572
-4969
8061
-3014
-305
-623
8500
7543
-8747
-5715
9683
2539
1309
1945
717
-580
-3125
-1220
-7310
9089
7695
-8057
9540
-5514
7142
3438
-3974
-4424
-6841
-2271
-2311
8182
4546
9659
-7980
622
8461
6744
2632
7811
-2648
-124
5969
-9857
1072
-4528
-5154
-8154
875
1254
4523
8749
614
8816
-9457
6208
-7748
6154
4804
9439
7165
-490
-6230
-9656
6098
-5423
8799
2957
-4781
-1072
2577
-5727
-2429
-9801
3127
359
638
-3855
-4126
-2575
-9462
-7146
-886
7789
2210
78
-6391
4007
4380
-9836
9910
1284
-2148
-4458
-5652
1772
-5529
7939
-701
8953
2768
5474
367
-4630
5600
8126
-8964
4275
-6950
-6817
9336
4516
-2867
3290
4348
-2197
-3650
-5715
2245
7391
-8026
-9940
8886
-1247
-9831
3492
-1364
-2422
7964
1083
-8580
-8356
-3273
1449
4633
5589
-22
-2660
-7328
-9680
2883
-732
-1663
-6968
-9309
-3676
9437
9002
-1019
6100
6894
-4179
390
7679
-6958
-1388
-1774
-5351
1873
-4669
3758
-6335
-8394
-8066
2507
576
4987
-3369
-2298
9455
9094
2176
3279
2558
-9239
-798
1846
-1120
5930
-6029
-4775
7680
-9271
-1827
6647
-3431
4938
-9457
-7574
8329
-883
-8911
-3061
6916
-1958
1556
-6372
-2032
-4635
5220
6045
7061
448
7320
-7801
-8949
-3408
-8615
2593
-8188
-6331
6985
-4397
9315
-5808
1164
-510
4038
-2435
8768
6929
9392
-7642
2860
-2845
357
7327
9108
-5233
5827
-4478
4669
-4531
5025
5617
6577
3947
-6193
6824
1224
8697
-6200
6608
-9053
3108
-7908
-5828
5849
-4949
7074
9692
3351
-770
-688
4179
3876
-4721
-252
-8816
3094
7782
-8152
-1957
7253
-9320
9206
-8396
-990
2524
7471
6060
9750
3105
4775
-7271
-1750
2947
-1029
3928
584
8813
-5548
-4384
9607
-5688
-7530
-4086
-8843
-4063
-1823
-7473
-5484
-4331
5222
-9497
-3331
-6618
-327
-61
8219
1145
232
-1378
559
1358
-1889
3736
-3782
8035
320
1971
-3516
-4033
-4258
-947
9863
-985
1370
-674
4895
6467
3261
-9531
-8636
-5156
-8072
4749
1712
3107
-6349
2863
-5225
8476
-4178
3948
-4919
3963
-5061
-2658
-4757
443
-9087
8328
726
367
-1494
2419
8279
-7351
-5354
-9022
5045
-4639
9000
-6287
6461
9751
-2952
-5906
9724
9485
1059
1760
5016
5918
-4904
90
-5624
-4114
3827
2832
2453
4480
-5844
-5154
2049
-6296
-7156
9752
5731
9642
-5132
5124
3499
6590
1159
-7337
8521
-757
-3996
952
-636
-6904
-2999
-6272
9341
-7635
2590
-8781
-1351
6314
7772
5639
1203
-2139
-7315
-9080
-9519
-1681
-7961
-5724
-5593
3505
-6562
6980
5019
1244
-6512
-5955
3405
-2890
-1293
3342
2633
-7088
4205
9018
8964
9190
-6564
9300
-177
5161
-3237
-7163
650
9049
-1419
-6673
6563
-3966
4251
-3228
1648
-3619
-8170
7493
7551
9231
-112
-3900
-1830
-4102
-4892
6687
5038
2621
-1916
-3148
-4892
3128
-362
6745
6903
-9775
358
6972
-1126
2950
9792
-9102
-9241
-8394
7907
9585
190
8562
8133
4104
9598
-486
-6975
-8739
9783
4633
-4594
7055
5545
6544
-9412
-9748
-1820
1928
-1450
1598
572
3873
732
-9753
-5911
8370
2157
-3790
-3913
5908
-714
2
7785
1408
9863
-4895
8864
-2742
5508
-7562
-4294
1465
-566
9440
1953
-3361
-5741
788
-3384
-6275
1187
4492
-8887
-8475
6191
-7011
6544
-9382
8167
3008
5993
-1546
-2869
3731
3137
8994
-3524
-4477
5276
3644
-9215
3892
-7743
1572
1690
3932
-5346
-4723
-189
-1105
-9232
-1952
583
-4562
3295
-4849
9178
7542
8945
1745
7174
-485
5158
-2658
-8562
-5356
7580
7377
-5194
8674
6384
6289
2835
-1185
6662
7819
1069
9882
6657
-5628
4965
8370
-2535
-8578
-4850
-4164
-655
-9617
-5639
2490
9713
-6674
-4779
-6649
8807
4225
-7744
-3656
-7831
-907
6682
-234
3006
5226
-8317
8688
-3174
-5710
8881
-8293
-9440
8168
5850
-3372
7798
-5454
3034
5687
-6865
-1343
-8005
-6374
2234
-7210
8143
6696
-6259
-2726
8474
405
5537
2656
3461
1285
-7412
-7684
8826
1557
-2043
-9095
-6740
-5271
-8829
-4496
1466
5633
-1139
-3531
5798
-8160
-7262
7923
-3789
4076
5743
66
-9667
480
1757
8195
-5668
9936
5528
3455
-4906
-5999
-8431
9713
8548
-1947
6481
-8832
-4355
3725
3858
2205
-1372
2399
-8306
3586
-137
4684
-1379
-2235
-3910
-8073
1249
7598
5499
639
9306
2729
-9481
3038
7007
-2845
999
-569
-3407
1367
-3014
-3226
7925
6982
-863
5210
8520
-3260
4318
216
1027
-3569
2504
5490
1546
8480
5954
5856
-2833
-7608
1757
-8055
-5828
3065
-8314
-263
8902
-7467
7185
-5900
9074
2133
5597
3804
1236
7389
-6736
-961
-9149
-1844
-7485
5681
-5059
-1766
3123
6677
6308
2753
6065
-8450
8747
6185
7096
-8533
-9325
-2758
-8000
-952
-2960
868
6730
-4582
-6395
4150
7392
9295
-326
7578
-2761
-6013
-4729
8480
9278
5386
-5016
-504
-391
-7159
-5550
9834
-4582
-6971
-1630
-5858
-4010
8209
4407
5349
1161
-178
7902
603
-5818
1832
6721
4255
-6771
-8099
6317
3031
1046
-2768
-7590
-2281
3633
-69
-8447
2358
-932
-2455
7879
-4586
-6311
-1117
-1505
3472
-5228
-2189
1569
-4582
6864
-7405
2730
-4456
-3363
-2817
1865
3420
7139
6026
9836
-2519
3692
-279
9773
-353
-9866
-6913
3429
-4738
7148
4288
-1531
5086
-1888
1166
-9869
-5427
8853
-6632
-3745
-8091
7414
-3549
5470
9699
-2537
-4713
9647
-8430
-9377
6998
4475
8968
-8145
6718
-5081
-576
-7355
-9393
-6915
-8523
441
7240
-5361
-6045
3416
-5001
223
-4180
-2303
975
-8233
-8776
-8150
-2237
5376
-9744
7794
-5340
7143
3638
3685
-4690
-7380
4509
-7172
-8011
1252
8540
-7614
5646
-5596
9554
-1022
-374
3806
-4787
-4544
4136
2891
-7537
5821
-4006
3062
6801
7560
4124
-4525
5224
8741
-4673
-5437
91
-4289
5392
-3798
70
-6001
9847
-8337
2313
-3837
-7869
9843
1388
5192
-1165
8578
-7688
8584
-4366
6933
6365
-8897
7782
-4053
8241
4835
-387
-7288
-5235
3077
-5992
4436
-7008
3363
4372
3163
-3818
-3745
-1026
8594
3697
6331
3990
-2355
-8737
-940
384
-3726
-8139
-1798
-2084
7360
6355
1061
-9672
4182
-6524
7725
-9509
6265
237
6198
4068
5134
-1229
-1383
809
-4120
3639
-7642
1972
7061
-2614
-8548
-814
-9902
6191
2933
1498
-6559
4210
-343
-6755
8667
7337
490
-2666
7441
-473
112
-522
-7448
1555
-4826
-833
-2132
-472
7083
-4376
3085
-3667
-773
-5219
4448
-7460
7592
-9486
5829
8356
6190
1689
1753
-5951
-738
-7220
-3908
-9455
1180
-7997
6174
-4320
-4900
4206
-1894
802
9798
-1407
3669
7555
-6813
-2811
-6652
5645
-5595
-7860
293
6203
-748
2943
6387
-796
1149
3861
6113
2408
-6064
-560
3473
9007
-557
8569
6429
-4512
-4029
4782
-3548
-9999
-2951
-5266
-6129
3621
-2819
-8884
-1286
-5619
-5849
192
-9866
9783
-6826
6261
-8095
-3957
2427
-8192
6119
-1607
-2949
9090
6734
9668
5423
9332
-1524
-3139
-1849
-9209
720
9136
4802
7552
-2821
-9700
-3799
-95
9174
5467
1748
9576
-4077
-6451
9136
-5867
-4882
-4426
6263
7044
-732
8451
2144
-9597
-9446
9151
-9860
-9769
-4334
-2072
-5109
5718
1171
4040
-5950
-3746
-1378
4718
-239
8724
-6645
-3130
4044
7583
5386
3329
-7953
-9750
-7947
4933
-3124
-8099
9072
-4336
9317
-4076
3428
-8359
-5102
4424
1346
-4317
-791
435
4366
8935
-4522
-3199
-6381
8190
1759
6275
7622
2104
-2018
-1061
6358
-1710
-1890
1444
1776
-1723
8401
9913
-3190
6900
-4250
-9110
8639
-775
-6193
-7052
-3671
-2370
-6638
2994
-5949
7568
-9147
-239
2693
8290
-533
-6257
-5255
2186
-4811
434
8341
-1938
1839
-9198
4134
-5441
49
4735
-9417
-7423
855
-1949
6408
8382
-3190
251
3375
8548
239
2605
3982
-4853
-4259
-4436
4408
-4590
-3458
9553
1135
-2515
5026
-2335
-7826
3691
-7199
-4100
-614
5674
-6032
7530
-4021
7055
32
-7037
-9455
-2616
-208
1977
8818
8153
-602
785
1104
902
-7208
-7693
-5028
-1541
-8023
-5489
-1972
-8630
4572
3913
4992
-1791
-4875
9800
-3095
-416
2636
-1759
567
5393
-6553
-6316
5394
-8203
-9293
-6854
4690
1000
6738
-1179
3710
-3854
3593
9759
3225
-2306
2568
-6355
8123
-2270
8020
-9130
2757
-8938
7379
2275
-3469
-6368
-78
370
3031
421
6663
2072
1220
-7050
-5597
-3905
7377
6798
7406
8087
5225
-9650
7364
5094
9419
5051
1123
-460
-2829
-195
1737
4818
-4765
6701
3426
-3902
6241
3876
9300
6762
4702
4789
6330
4904
484
1465
8328
-2100
-5496
-685
8125
-5503
9709
-4769
9574
-717
4842
5270
6829
-3055
4776
-480
4936
-9324
7593
-4776
-4695
1248
-5862
1877
-8886
-5884
-3448
1144
4389
-8430
-6301
-3423
-7377
-4392
2669
-8543
-494
6525
6461
-2078
-8651
5207
9803
-3224
-813
1766
-5757
4830
8330
-2458
8017
-2894
9862
9264
7483
-9932
-4931
-4832
8834
-8893
-8718
8062
5557
8483
-151
57
859
-5478
-8444
5209
-8116
3592
-8358
7576
-1701
561
-3908
724
-7568
9521
-9560
4042
-9048
122
6198
9643
9639
5924
8645
-6652
8584
-8945
-9481
639
-4367
-9149
6827
9169
-1412
4210
-3751
4913
2541
-5251
8265
1861
-5640
-384
8453
5081
8058
-2049
2377
7053
3260
9788
807
235
-7470
-7418
7169
-3712
-3782
-3530
-5223
7689
349
-8647
6652
4938
-4642
-919
4914
-1820
-9834
-7504
3853
7270
-1633
-6198
2783
-7308
7579
956
4355
2487
9631
402
-5068
-3236
-2715
7775
3091
-4884
4462
543
-6491
7061
-6386
8318
5551
-4820
7605
8494
4857
-209
-7620
1319
4458
-9438
-2244
1405
8700
9344
-1447
-5920
7478
-7302
-1780
4273
3849
-1262
-8399
2114
4916
-8627
3062
-84
1737
-611
-6087
-9361
8735
3202
2382
238
1582
-331
-9389
-1227
5016
-1442
5073
6205
-722
7648
9050
-2606
-4883
4861
-360
-8551
4616
1464
-813
-6276
4828
-9336
395
-2565
8494
-2533
5282
1067
8978
2862
-6221
-5631
-3270
1944
-7094
1603
-365
-1918
8798
108
384
-4425
-1258
-5559
-8500
-7167
-4574
3422
-4724
2875
-2352
4765
-8350
8967
-9514
-8656
-8698
7954
-6080
-6432
9339
-180
1029
-1844
1147
9670
-9896
-3284
-268
-9272
2073
4918
-3915
-7340
739
9194
-2038
-1264
-3643
-5825
7680
-2614
-3399
7221
-9277
3839
-1918
-7613
-9721
-3057
4543
2525
-3779
6928
-7920
-2032
-4468
5568
3239
-7292
-8026
1495
3268
9252
6522
1093
9066
3024
6998
-889
9074
5798
-9781
5687
5704
-8387
-2458
-4110
-7545
5728
1335
7146
7088
2521
-2671
8148
4541
-9717
-3412
3652
-1873
-9043
5780
-1194
-7670
4472
-7588
-510
-2376
8346
5956
-740
7347
6180
-9661
5977
-8779
1599
-9572
2300
-1419
-2001
6139
3021
1957
5890
3331
-2168
-9217
1191
8080
-1886
-8046
-4645
3803
-99
5404
-6739
-2137
-2590
749
5260
6616
7044
-4312
6338
2338
-7566
-6151
-4165
-1163
9782
4805
-3925
8227
7985
-6664
4207
-9769
4699
3245
-7897
8040
8846
-8343
-1925
-2021
8365
6018
-6268
6371
585
5432
4262
-8016
-5626
6130
-7550
8104
7653
-6505
7510
9305
4910
-1647
-8602
-3197
527
945
4647
-9387
9735
-1483
277
-9204
9490
-6197
6686
7167
-1448
-3495
8530
4979
8878
-236
-6158
-3256
-548
118
-9188
2405
248
-767
2599
3273
9178
-7995
6516
9840
-7424
950
-1479
3699
7891
-752
-4463
-607
6066
3601
-8204
1641
9876
-9549
-5679
9874
-847
3883
7419
-2763
-6377
-4768
1060
1851
-4908
753
-3013
5651
-9517
2040
-2596
-1259
-9105
5429
9627
8624
-9557
5135
-6185
5004
-3482
-8441
-9981
8310
-2091
-4440
3619
-3418
7740
-3787
-2713
-6688
6694
-5508
-2541
3161
-4309
5421
352
-9756
8817
3279
7177
919
-1097
8458
6612
-8774
-64
3675
-3420
-2339
-6491
-8686
2818
4846
-2940
7753
5976
-7161
391
2662
-1736
6893
6156
2332
6872
-8766
9493
-4124
7575
9424
7365
-8939
1841
4282
8264
7387
1296
1491
-7899
-2003
-8199
503
-474
-3257
47
8971
7225
-5273
5779
961
-9089
-5742
7638
5865
8701
8645
2494
-8398
7471
-6743
-9120
348
-4989
-8978
557
-695
-7164
-5352
-7874
-1008
-1740
-3987
-9978
-1530
4526
-709
-8542
-9552
-6869
2984
-934
2797
-9627
9636
-1617
-1249
40
8172
8998
2839
-126
-5664
-202
7665
-282
5041
3819
7074
-474
5048
2500
4714
-4950
2158
3950
3163
9795
7433
3424
5125
-6623
8131
2295
-6870
-9057
7351
6143
9739
5921
-1905
1209
5429
377
5473
1517
-3192
5735
2192
-8006
7899
-6595
1750
7108
-9371
1136
-3915
5483
1660
-3238
2743
7847
-8162
436
-7969
3597
6118
-3025
-6442
1046
1980
9235
-2917
363
-4439
-5637
-71
8850
-765
2068
565
2122
1885
-1785
-6284
5519
3616
4588
6509
555
9676
-2948
5726
5027
7016
6616
7953
-9158
-2524
-3071
1606
1050
5977
4495
2480
1333
-2577
-6777
-5028
-2228
2316
576
3492
2863
8488
-4712
4139
-8556
6817
-8429
-3659
2499
-5257
-2915
-4730
-6759
-1372
5102
-1664
-205
2769
7673
-6876
3595
-817
5341
-6416
497
4795
-1089
9984
1469
-218
1578
-9651
-1850
9649
3442
3921
-7055
-2663
7498
-3450
8174
3361
3671
-1170
6641
4990
3459
9679
9995
-1932
-8909
-3536
8062
4280
3101
7241
-2165
8336
2641
-8997
-9771
8894
8142
9205
200
-9222
3203
4707
-6537
-3552
-8834
2670
8136
4984
-9924
122
-8836
4893
-9505
2618
7158
1913
4358
-3583
-4077
-7220
1614
-297
-4385
-6295
7055
5770
5109
2227
-3273
-4224
8301
-4140
-4403
4518
-9184
2263
-9085
-2909
7533
-5527
8059
-3493
-993
-9529
727
-5681
8371
6293
-5305
-5436
8954
-42
-2999
-5687
-1475
-6669
-5452
8959
-9421
-7601
1364
-1603
8092
-6638
-6737
-5718
6366
-4863
8206
-2310
-8071
7935
5168
8627
-2633
-9093
6491
-4463
9786
-9821
-8185
-4110
4761
-3484
-8138
-79
1009
7625
7499
-235
3962
7120
-4455
3515
-5478
3952
-9386
3460
4100
62
-868
-471
3644
-2784
3301
9624
-4996
210
7118
3048
-5922
-195
3140
-1275
-2559
-320
-7622
-6958
-490
-4038
-6383
3188
-5701
1853
7043
9516
5378
-4633
4311
1610
-8001
-9383
5396
-841
5794
-5784
1350
62
-2074
9400
1472
-46
886
8589
-7725
-7669
1362
6787
2749
-3962
2889
-5812
436
1606
6147
9189
2671
-257
6326
9232
4102
-293
2478
6629
6815
-8005
-4786
-8181
8673
-612
6983
-45
-2263
5093
-9542
-2385
5444
4020
-1984
4901
9744
-7065
-2443
6608
-5830
-6238
-2003
-7373
5101
-479
-6045
-5948
2126
-7110
-2046
-2307
447
-2171
-9645
603
8584
2609
-3014
-6788
-9361
-8077
-5826
-7861
8738
5059
4676
-7672
-8963
727
-4513
-1874
-6768
-5707
-3057
-4539
8431
-7550
-1037
3177
-9976
5975
9284
2226
1561
-5472
725
-7739
-4101
2184
-4840
8
8209
-3351
-3897
-7092
-5346
5404
3035
-550
-3591
-6261
-1360
-1821
7801
5677
7038
-6614
-9183
2981
4029
2618
-7739
1333
-4095
-629
-4424
-3477
5212
4930
-8090
1271
-1571
-7719
-2732
9536
-7998
-8811
-8603
-9514
-3341
395
5765
-641
-2729
-8622
2443
-1850
6530
3611
-6558
5109
9080
-9687
5595
-3496
-2862
-7603
6727
-8324
4862
-9856
1274
544
-2647
-6738
4575
-435
6219
8760
-1062
8161
-91
-316
1946
-3874
-8527
9262
-3073
4347
-155
-2093
1352
7067
-2071
7833
-8906
-6746
569
5052
-5972
9179
-3555
7355
-2222
2080
2505
-8964
5013
-7470
-7367
-1183
-9302
2012
994
-2591
-6364
8948
-6248
-2305
7675
4375
2914
237
-6813
9118
-8007
-8219
-9977
-6632
1930
8815
-6735
1701
2361
9678
-6437
4946
-5303
3411
-3831
-4186
2926
-2045
364
1
-2075
-165
2771
8296
8499
2972
-712
-385
-5145
-7124
8659
-1143
4703
8157
-9137
8208
-6921
7176
3415
-6829
-6987
8520
-8171
7053
-6620
8492
-1106
288
9354
-97
-4002
5958
-1050
3068
4708
-6440
1408
5150
6009
-5271
-7952
8118
243
-3405
3075
-5971
465
-4792
-802
-5636
-1917
6536
-3775
-4744
-1877
718
6937
5978
-9071
5037
2656
-8921
-9655
6893
-4514
-3058
-31
6254
2027
3800
-5564
-3154
-3567
-9829
-7591
-478
-4621
-2767
3409
6618
-3546
9573
6741
7646
-9566
-2801
2800
6774
7921
2062
694
-5522
-8070
-5492
8270
2125
-5976
-6950
6601
-4972
-969
867
-6795
9691
5983
-2547
531
6223
4861
-8921
9121
3917
-7748
5034
3528
-8110
5624
-9807
-2005
2310
4432
9149
750
-9101
1942
8791
-3668
9105
1350
-90
6687
-8109
-7031
-2924
7158
1336
-389
-7365
-1883
-8946
-1900
-8698
-3771
-3734
7669
-3905
4692
1816
7332
7901
3502
4466
-5178
-3043
-1977
-2025
4923
7894
824
-9132
7819
-8530
5428
-4014
4336
9012
-8789
281
-7488
-4110
3771
-1522
-3572
6331
158
-1692
607
-9069
997
5985
4486
-8118
-7763
1800
-9074
1472
-4611
3163
8859
8730
1687
6470
-9077
-8495
-3047
-8858
-1255
-4481
-6494
-5963
-9208
1565
-9319
-2809
5091
-513
6897
-1699
-262
9799
-3388
-204
7845
9746
-8160
-3682
8443
5878
359
6682
-1603
8646
-7011
9182
4763
4880
3647
5454
-8233
7411
7826
733
8214
4740
-1053
-2437
3802
-5211
-9274
-3420
156
-9299
-3719
4741
-9201
5160
8027
4182
-4430
-6370
7217
2116
-1291
3649
-5047
2827
1193
-1908
7489
-305
4896
8802
-902
9779
-6244
-5229
-1129
-2069
2325
526
3476
-7025
-2321
1207
-4566
3856
9220
1134
6098
-274
8204
-7356
2490
-9766
-9234
4803
3832
9792
5438
-2829
8847
-38
-3082
-5422
2044
9790
-6053
-4984
-4509
8073
-2972
7033
8302
9907
3119
4278
8058
-7207
-3356
-8767
-2852
-5901
-4778
4766
-953
8315
8943
-1758
-3131
8031
4822
-5650
-9877
-3250
-6157
7123
-7320
5618
-7756
7667
5095
-3953
324
-7713
-8361
-9230
3529
3425
-8485
-3169
7157
-9122
3855
-4347
-5271
-6464
-279
8959
7747
8749
-5603
3581
6566
-7790
4127
3059
-7489
-5918
5508
2750
-1909
5236
8407
-543
8596
6432
-6333
-3416
8570
-4279
-7416
-8705
2469
-7272
-5292
9046
8671
9970
1513
7728
4256
8720
9897
-7827
8539
5874
-2726
-6193
2808
6028
1634
3781
-5034
204
-5952
6657
-9826
8630
9163
248
2098
9096
4701
3080
3047
-7164
4458
3553
-2118
-9288
4630
7457
8253
-6826
6290
7104
-4445
2011
-5623
-8957
-936
6525
6578
9466
6653
-8204
-3534
-4762
5126
8817
-8484
2670
-922
-774
-1662
-7259
-1234
5432
-711
-4105
3793
-2030
-7285
-6568
4397
-5903
9503
-645
-5755
4574
157
-5513
7232
5865
-2572
3705
4146
-386
-9788
-1664
7723
-1065
1063
-8845
-8227
3730
3268
-7837
4567
9008
6384
-4246
-8438
6987
5308
6834
7541
7742
5062
-7703
4835
6490
5988
-4511
-1918
-285
-2414
6121
-348
-1381
-9843
-6939
3799
-3132
-2271
-6616
-1899
4848
-9157
-1287
4884
4166
6922
7822
9332
5704
8760
-3161
5846
4452
3844
-7389
9991
-7751
197
-9234
4120
-5909
-3031
8265
-9164
7223
7058
5031
-8822
3506
-5169
-1392
8522
7431
-1865
3378
-817
1682
1208
-2374
422
9748
-1417
7967
1867
-101
-1877
6733
7390
-4516
-6647
6702
-8277
5459
6907
-5737
-1279
2965
-1882
-5781
-4701
9831
-7849
5446
9500
-9542
-4867
4458
-5354
-6537
-9720
5057
-4063
-486
6588
9808
4668
2573
7359
-2866
-4077
4559
-8127
-2092
504
-2558
-6125
-5198
8223
-3085
-329
7507
-5139
-4361
-2154
7734
4900
6162
9468
6684
8472
4055
3628
-5719
-4526
3051
-1014
3467
1816
3575
8455
7520
-9093
-3413
-6339
-8859
5191
6136
7100
-3380
1685
-2705
1278
-8051
-7318
1373
3616
7815
-6798
-6177
1418
409
3528
3360
-7981
-422
-9332
-8675
-5581
-5786
-2474
9383
-2829
8649
-1994
-460
-2765
4352
-6321
-1849
-7217
192
-4909
1175
-6536
-3983
-5559
5404
-8014
3554
7021
5612
-1324
-1728
-8527
-1267
7829
-8033
3420
1333
1055
-8287
-5805
-5185
-600
-748
5565
-359
-4491
-1386
-3365
-4697
121
7619
-6526
-7592
-8259
7452
-5844
679
-3096
6003
7250
8782
6134
-1704
6239
-7057
-2616
-3288
-7507
-2018
2824
2571
-4137
749
-2072
-3995
-3479
-1093
5957
-5673
6850
-7331
6620
-9594
-2068
2012
9340
1642
4395
898
67
-3331
5806
8999
3363
-8350
-2153
-6828
7023
167
-9825
-4331
-8841
-4044
4964
-9971
-3965
4391
3465
764
5238
769
-7055
8137
6281
5706
-5094
9586
-7722
3357
369
3123
-5375
829
-215
-1991
-6174
3605
672
9137
8632
-4100
1642
4479
4020
7660
5003
-3690
6775
5637
9263
-3446
1879
-3674
-769
-5425
1606
-7373
-8086
-5196
-3816
7918
-2680
5135
-2589
1700
5240
3014
-8264
-3488
-6159
135
-2342
-9126
4219
-5363
-212
5607
-1457
1609
7131
3360
-1646
-6585
2563
-327
-2701
97
-1559
-8894
952
8359
4300
3525
-8736
4542
-1970
9256
-5865
3509
-1942
2712
2932
-1198
1156
-50
7450
-7271
6840
4057
-1646
-8488
-8351
2098
5012
8030
4233
863
-1547
-4304
-2513
-5302
9855
-5429
-9995
-1215
39
-3804
-6847
3340
-5504
-5194
5967
767
520
3085
-1700
86
4648
4991
1931
5192
-272
-4367
-365
9136
4298
-1545
9480
-6658
6981
-9254
-7404
-9102
-6336
-2757
646
8548
-2436
2802
7307
-9253
254
-6794
-4043
-585
-4311
-5191
8783
-1929
9874
-6377
5777
-8680
6178
7983
1115
-6281
4666
-3528
455
1217
7044
-7195
-3567
-8408
-1010
-5336
5922
3022
9875
7543
7720
8125
-48
4334
9276
5497
-9715
-7917
888
-8921
7166
-5207
-1199
-5029
3640
-376
-1122
-901
2919
5131
9216
-2424
-2029
-544
-4556
5301
6463
7645
-3954
3812
1189
-8437
-9051
-8040
1003
-6770
6888
2688
9884
5030
-1009
4292
2109
-2939
2901
-4591
8887
3237
-595
-8010
9115
703
-128
7923
-529
-9256
-1098
5631
-6312
-7938
2495
7798
2199
-7893
2394
-9162
-3420
3696
-1422
-6216
-4260
-9327
1502
-2860
-2451
6553
-4648
5518
8583
9068
8787
-1337
4211
3420
1450
9280
2739
506
9798
-1816
1109
-1307
-3924
-2551
8449
5867
-3250
3671
5624
2787
2504
9975
-6223
-8401
-2374
5927
1377
-2664
-6393
-2012
-3959
-2100
-1081
4731
7431
9122
8227
-1930
-5488
5921
2101
-2992
2851
-6636
-8373
-3138
9553
-9267
1226
-7725
5116
5301
-3927
3987
-7624
-8711
-3378
7119
-8818
-1939
7762
7506
4883
-3987
-1811
-961
-8997
-5748
-6427
-1680
361
1351
-7397
-7871
-9149
2774
4388
5057
2498
4751
-1656
-627
2263
-1441
7181
3860
7522
-4309
6077
7760
6394
1808
1122
3793
2316
5896
-5330
-1766
-4951
-5904
-9496
3823
-1574
4267
-3286
9892
-4910
4762
2336
4914
-8014
7565
-6093
990
3516
1371
1723
2215
1062
-4761
-1775
-8723
-7064
-5264
5244
5901
5595
9416
-4262
2554
2195
8198
1465
2210
-1364
5998
9349
-3442
-4329
-3468
-8841
7503
-3417
-7641
-1128
-9938
-3467
7546
-7836
-6909
11
-5687
9303
2998
6758
-8059
7165
5460
5204
5783
-4797
7975
3086
5744
-9344
1382
920
-4126
-2858
5084
-7659
-5131
9103
6761
4916
-2187
3920
-8583
-7642
-6467
7088
-1069
9365
-7465
6855
374
-2339
-4364
-4094
1850
7905
-9053
-2393
2871
9439
5735
7435
-8345
4132
-4465
-1739
805
8041
-8279
1004
-2733
436
-1492
3936
1502
-8819
-4406
-7338
-390
-3574
9251
47
-9782
-8702
-8811
8791
5582
9633
8537
-8205
-479
2464
4204
-7840
848
796
2529
-3731
107
7789
5637
-274
8786
-9784
-9869
-9236
8913
-6592
-2706
8703
3887
6215
-1947
4627
-938
4380
1289
1074
-3696
4883
-8805
-378
-851
3516
8726
-9374
9452
3969
6058
-2016
-3869
5788
6677
395
-8463
-218
-104
-2670
-6071
-4403
-3012
1272
7601
-9842
-3478
6966
-5636
8905
9931
6212
5245
-8467
-5555
-590
5052
1769
-170
-4162
4821
-2428
-7323
4849
-7389
-3255
1738
-4660
-7318
-2905
-3383
-2654
-2392
6597
-8139
-7447
-1534
-3314
-9766
2579
-8243
2547
6185
117
8298
4542
-7893
3001
4869
-1574
9606
-437
9348
-7785
6
1314
4432
-3923
1840
-3357
-3270
-5166
-6486
2533
2643
-4352
9601
1148
-5890
-4786
-1636
-4082
-3322
2114
7573
3312
7925
3625
-1793
-7188
-8298
-3553
-8605
2577
6554
-3700
-6998
-9345
8548
-3802
4814
-5009
-6398
329
2074
7044
5065
-150
-1536
-9703
-7500
1006
-7908
-3878
979
-8524
2785
1866
1795
4235
-9792
870
984
-1431
-9207
-6886
4335
7192
-5346
-9348
-7176
4716
-6883
5710
2944
1818
7236
-2305
-625
9387
-1731
-136
4016
7189
-8558
3594
2435
-178
8283
6743
6793
3496
8231
8839
8139
-2160
-3984
3544
2630
-1017
-2760
-9981
-9151
8948
-9830
5500
5107
9387
541
-3361
5076
-9801
-4393
-6701
7494
-3473
-6808
2991
-3527
-3162
-3039
5011
882
9395
-9514
-2696
9289
-3086
3091
192
7381
-1188
-8662
5528
568
9053
4315
905
1396
3101
-8674
7945
1175
9589
1745
-9598
-2075
-294
7781
-1474
8357
-9269
9893
-5588
4874
2734
2329
3657
2445
6344
8908
-4488
-2159
-4300
-6026
-2047
7797
6252
-4176
-1719
5138
4203
-9475
-2722
1816
-602
9952
343
-3083
-7666
-4428
9884
3176
4104
2798
-4483
3820
-8480
114
-65
7385
5665
4831
3496
6195
5066
-1237
-7745
-3037
5080
7035
6571
-8321
-5905
7440
-4631
-5835
-6115
-1370
-2684
2483
3222
-9011
4673
962
3111
-6763
-4392
-7650
-3509
3230
-8753
-2971
-7082
-8539
-2857
6686
-4862
5206
2683
6129
8689
-2622
-1310
-3125
-372
-983
-1197
5475
-4450
-9493
6352
4095
-1169
6674
707
8267
-191
7486
4108
7807
-9111
8038
2790
-4944
8916
1889
9864
4673
8626
9199
9975
-621
-6732
9742
6499
9279
-1292
-2220
8437
7921
-2183
-5855
6669
9294
5599
-6017
3897
-327
-654
-9858
8657
6421
4556
-8024
-1806
-5167
-9512
2553
-9774
-8966
6461
-7129
-6658
4235
-4520
4138
-1892
3383
6897
7239
7561
6429
8566
1410
6097
4793
2249
-9099
-8222
123
-9891
6068
4180
-1293
-4765
6780
8191
-2702
5359
-8065
-5697
-7144
-1582
-4398
-1831
2979
-5640
-7376
9559
-4727
9848
4155
-9157
2652
-2061
9349
-4875
-3193
-2980
-8692
-1753
-7718
7680
-9610
9288
-4489
3973
-9154
-441
1760
8383
-5924
-3092
7926
-7280
975
-7217
8787
5507
2998
-8166
6491
6449
-5507
2631
3303
-6200
-7432
-248
-9852
-8987
4336
-6608
3757
2637
9444
2250
5458
2395
6090
7551
9872
5581
8985
-7667
-7067
-4817
5247
-7912
-2129
3891
-850
3830
-2305
6901
3009
4886
-2653
6890
-5349
-5459
-5499
-2986
2586
-8639
-52
6462
2657
7274
3582
8798
8623
-7802
-4166
-5811
-8023
1900
9911
881
-7407
8117
-4758
-6270
-5773
7413
-1502
7689
9516
5468
-2836
-8969
-1154
-3813
5380
-6902
8738
5181
-8795
2236
-6584
5404
-7674
-5557
93
4974
-2054
-6623
2360
-2977
6962
5205
-7935
-4347
6370
-8171
-7155
-2805
6758
-550
-1739
284
1772
-516
2646
5164
7832
6425
-9459
-3883
7065
-4777
-1726
-8287
-7526
4293
5058
-6638
9545
6049
3476
5345
-3008
4567
-9312
-8992
2586
7740
-9155
3822
7566
-6626
-699
-3941
1828
8133
9772
-8373
-160
9427
-7228
2614
-3437
-6705
1132
2188
8438
-449
1467
7083
5649
-2093
8531
-3585
7677
-6500
-8878
-7272
-6840
-4833
9232
-9177
9727
656
9488
369
-7924
9515
8781
3627
9501
-897
-8063
8303
278
-387
7264
-9636
-7780
-1511
4830
4455
653
-1928
-2219
-9239
5704
4645
6050
5420
-9067
4316
-5231
2435
-4409
8937
8328
7509
-1274
6303
3486
1867
7512
-6781
270
6628
663
-6670
-3106
8345
2168
-3196
6641
3555
3758
-7851
-9082
-5472
1066
7541
-6759
4714
1219
7447
-710
-3005
2920
-5381
-4570
-1957
107
-506
-1570
-5043
-7452
7755
-7609
6503
9166
-9530
9596
6290
6290
6741
-3862
-7870
-8547
7148
7301
5619
7057
-4776
-8464
-1532
2385
-5784
-8343
-8553
383
1385
-5955
9994
1089
-7553
6796
-8294
9122
-7210
3126
5273
7939
5388
9653
-5394
-5870
3663
-2630
1694
7172
-5511
-5322
4314
-8793
6620
7985
4693
4361
53
7322
4855
6838
-3248
-1267
-1924
9810
-2546
9250
5229
3499
2122
1499
1804
-2244
-4570
1181
-3196
-3000
1939
-8584
-3136
-7100
-1661
-8229
826
-4476
-6267
-376
-8838
-422
-3271
8512
-886
9124
-6312
6960
-6706
-6896
-2775
5757
-1290
5702
-9861
-3265
3014
8159
1159
-4792
-2893
7274
-8585
-6497
-8725
-1266
159
3799
7336
-3697
-8658
-2721
-6448
7010
9316
-7770
-1618
5587
8690
6351
1936
-5058
-7037
-2425
-1523
-5447
-2202
-6861
8274
1977
3613
54
-1087
7359
4098
-4310
6389
-9372
930
-9601
-7360
427
-2845
-10
2845
3280
-9213
-7250
-6263
7783
-8145
-9365
-267
-2600
7598
5699
2157
-7230
2616
-8082
1277
-9074
-6687
-7072
-9828
8665
-454
-968
943
-5751
7157
8936
-6889
-3323
-7044
2588
-359
-7460
3224
6251
-6121
3266
-7276
270
-7571
-5883
4641
-6321
-5773
1106
1677
-5871
-2884
332
2780
4521
675
9665
-1963
8097
-4670
9668
7756
-3838
9769
-6492
-6738
-1704
-5655
7463
5662
-7920
-1549
-69
2501
6616
-3093
-5047
6556
-5108
1420
6597
8052
9499
9413
3515
1402
9701
-3165
7792
-6359
5019
1972
8708
3520
-7587
5323
7145
-6794
-1240
-5415
-8230
2448
-7970
7935
-1991
-2337
2323
9320
7140
7687
4201
-2226
-3623
9904
7678
3358
-2645
-1535
3735
-5382
3050
6440
-836
-1283
-4859
2037
1437
589
5171
3722
8476
2960
-5631
9792
7444
4196
5341
-8496
8039
7368
-991
-7144
-8017
-444
4231
5444
9763
9963
4402
8878
6843
4261
1462
-8008
7819
9101
-4290
6136
-1359
3802
-984
5821
6064
642
-2590
-2588
8264
7683
9065
-373
4059
4916
1258
7724
7983
3017
-3954
8289
-6970
5677
-2173
6485
-3949
5348
-5425
-4241
9177
2865
-3154
-4506
-5550
8649
4602
9264
5130
1822
8461
-1534
2695
9822
7724
-7161
-1457
-2299
1208
1381
-87
1772
6709
5124
-7944
6446
-894
6831
-4781
6189
-3069
-6133
-2032
8452
2494
6703
6749
-3675
-7435
3447
-4357
-8954
-8816
-15
3399
-37
6362
-1206
5797
284
-4033
6860
-8912
9932
9473
947
-8124
-6264
9611
5816
-4965
2468
9554
-8353
-2457
2770
-2387
9279
1150
155
-1110
8744
-6745
7423
-5498
8797
-3183
-4426
-7366
4835
-34
-1029
6582
6184
-8555
5329
6471
9819
-7527
1697
-6144
-7212
-5723
-4532
-7681
-1266
-793
-1771
6860
141
-5188
-6060
-914
2754
1163
7405
2415
1469
-2271
-7681
8509
8810
1009
6453
6050
5835
-7401
4065
-4028
-9646
6317
5703
-5878
-3635
3694
-6224
-7377
-6710
2239
-3333
-7175
-7906
6536
9171
3482
-2679
-2316
9318
-3883
8489
-6491
-3764
-6503
437
-6925
9725
-3849
4980
815
198
444
6482
4491
-2559
-1318
-7158
-4014
-5535
7975
-5713
4806
-3429
8348
-7471
8008
-5030
7579
501
8269
-8221
-5048
4807
9156
4765
7134
-2210
-4903
-6057
6342
3027
-7485
-2122
-4272
4061
3394
-1895
9904
5049
3346
715
-6105
-9615
-3436
-4736
3424
-7168
1922
8536
-8609
3187
2343
6919
7416
-4607
-7885
6723
8059
-2170
-7372
8064
-2841
1162
-5481
3514
-690
-4454
9759
9374
-3545
1521
-5279
176
-7044
-1215
5103
-6194
1324
-4361
-649
4176
-2392
-8443
-2263
3389
-1744
5270
6312
6738
-9481
-8469
7673
-2272
-7586
-8154
4465
-7142
-7969
2019
-7141
3217
5327
7653
-2002
-9500
9891
-9500
7080
8161
-9885
-3006
-7011
-6797
8041
-4894
3609
-9589
-2413
8861
8115
-3495
-3318
4189
-58
7457
8949
-6143
2355
6099
6684
-5460
617
4711
-7654
4131
-583
-3382
-104
4361
2593
-4999
-6356
-809
-8662
-1258
3173
1833
-8687
7631
4852
4196
-9538
-9082
2944
3227
4582
-893
-3786
3189
7956
-1968
-2016
1809
-3441
3474
-5467
-3498
4128
7317
8290
-8437
9671
-9439
-7327
7629
-6883
-5450
-9725
-8803
9834
7378
-1303
2044
-5384
-1398
-7816
-545
-5649
9260
5184
-3607
-9657
-521
4686
7085
8387
9006
-7155
-5006
-889
-2782
1736
-2470
9708
-4467
4063
-2796
-6834
2843
-7316
4425
-2848
9600
-1593
-7506
-8047
-7229
-7347
6434
4481
4802
-3397
-9178
6013
1053
7753
4558
-889
-9131
-2099
5063
-6812
-1903
2919
3082
-1392
-5670
5038
-5480
-3511
-4869
7054
-565
-961
-811
8278
997
7920
3342
-3794
1408
4825
4739
5341
-8319
-424
3768
-9166
8459
-3496
2073
1597
-988
8716
-4065
-2939
-579
-6286
-755
9977
-9422
3865
9299
-9797
-4172
-4293
9567
9612
-8454
-8005
-6928
-5645
7321
4668
8835
-3673
-9987
-4966
311
1731
4203
-7131
6162
7090
-1609
-5332
6276
-5259
-6056
7060
-8707
3334
6097
-9687
6361
-884
159
-2628
-9479
3574
-9219
-909
6219
-2627
9604
-120
2182
-2741
-6059
934
2024
-4874
5084
-3318
7627
-5052
-2517
-5604
-1210
-6629
3155
-2028
5205
5514
84
-7112
-8166
7819
-7290
-9545
8380
-6691
3765
-8692
-6176
1701
8978
5118
-6655
7911
-1451
8038
-9485
-3893
7306
8994
-8222
-4798
-7849
-309
-4061
3999
-8799
798
6520
-5761
-6624
-4688
2983
7209
8194
6215
4718
-4228
-5346
-1568
-1288
1896
-5201
-7379
644
-9076
-1095
6738
-7601
3184
-5104
-7790
1935
8488
-5409
-1259
-2684
2239
-2653
-8489
-5550
-4715
-8081
3345
-11
1929
-2026
-42
-3668
808
1311
-8340
7543
1072
9874
3869
-9810
-1911
9248
-7769
7299
-2352
4484
-433
-1135
-1554
8358
-662
1658
7395
8450
-6970
9542
8048
2900
-6979
8625
2767
-6585
-4062
5292
-9376
-820
-9036
-8242
-1220
3105
-1641
2008
-5031
-4164
-9475
513
5383
7151
-1563
-4798
5282
-1547
-1117
2204
-8312
-4597
-5747
-4488
-451
1410
7323
-7069
7395
-3845
6099
6198
-6291
8753
9832
-9226
-5320
-19
-6732
6293
-2290
9389
-8582
-6921
5177
-2864
991
-5516
8670
-9857
247
-5100
4291
2447
-5123
-8727
-806
211
-9501
4322
7284
917
-467
-5966
709
3177
5928
-3324
-4151
-9084
5874
4928
4606
-695
-8088
-6567
4502
3361
-1576
-7627
-4374
-7447
2729
6470
-7658
8332
-1872
8155
-8908
-2090
4810
-7051
1925
1849
-649
-5053
1531
5430
-4268
-8713
-1040
-9769
-9307
-5832
2909
-9344
-5171
918
9246
-1148
-7242
-4968
-1463
-2139
4365
-3178
-6194
4658
-4506
-659
-4395
7854
4082
-8389
624
-1538
-1723
-7190
-5015
9368
-8825
3858
7167
-5297
-2735
-541
7391
4928
-6055
-3758
-7918
-3966
5236
17
167
-8815
7078
985
-1256
4491
140
-1228
501
-9476
-7920
3116
-4845
6769
-5648
8479
-7372
872
-6272
-1936
-6451
-1234
-7336
1341
-1039
9948
-9359
-217
-3179
-5674
5369
8626
1203
2606
-7434
4344
4409
-1735
5061
-936
1319
1191
-2848
1131
-3750
6906
6549
354
-454
2578
-7591
-193
-3222
7394
-9605
248
-9668
4508
-6309
3079
-8305
-7884
-7921
9628
-2791
-8503
4904
-6625
1578
-6435
1847
-4793
-3414
9210
9346
-8398
5143
-1963
-1805
6615
-1927
-8422
-2996
8991
6305
4543
-3248
288
4445
-8578
-8685
-226
-2553
3299
5565
5656
-623
-4113
4485
-1949
-4716
4495
-1777
-5036
2105
-866
3109
-7199
3207
-4017
-9397
8046
-5562
-9313
1379
7370
9397
9577
8569
-6335
5962
5284
-3302
9138
9015
-3546
4663
-5691
-6025
8746
7157
9254
1652
-7800
915
4960
7965
8679
7823
8035
-9345
-6986
2985
-4832
-9196
9185
-6748
7933
-5961
4682
1672
-7258
-5254
-4913
-3896
9029
-2784
8244
8579
6690
-6955
-4229
6949
-38
8514
-5503
-274
9918
2703
-5900
-5272
1776
7099
-679
-2795
9616
-6357
6067
8590
6983
-2981
1281
-6506
-812
-8697
9392
-9833
-2960
3734
-7981
-3276
-1182
-8739
-5881
-4182
2632
-6033
-3797
-7296
-1612
-2936
5573
-3918
-4754
-5300
-2223
-603
1420
6184
-9712
4524
-490
1145
-4984
6569
-9754
2219
8158
2116
-3950
4356
4140
192
7784
8556
2415
-4937
-8140
2317
8062
-3591
1641
-7049
8545
8812
3456
2313
-6034
4395
8391
7583
-126
-1246
4893
-5448
-9662
-2889
-5934
9572
-3586
9407
2875
5871
4035
2737
8745
-1875
-5958
-198
-2806
-6480
-6818
-1294
-7391
7109
-3802
-5520
2830
-2505
7226
4151
8251
6056
6261
-9765
6857
7012
6528
8333
-3033
6159
-1190
558
3775
-7313
-4526
5713
-6027
-3715
9034
4715
-8131
8075
-5948
-8429
5838
-4602
1260
-7408
3695
-916
-1567
8090
-947
-6051
-6496
730
7451
9384
-7627
4185
8150
9154
5067
4410
-1916
354
-6190
-6787
-8093
1963
3502
6525
5375
4975
5165
-6392
-2658
5986
9702
-8868
-9975
8487
7817
-8971
1447
7827
9667
4866
2404
-2646
-8324
-3430
6184
8465
-2107
-8380
-9022
5563
-3353
-1323
-9380
-9984
-672
4062
-7582
-7181
-9565
-8154
4950
2766
9798
-9316
749
4735
-356
-186
7814
-9256
996
5957
-4056
-5779
59
-1437
6333
-1587
-3224
-9868
8756
-3648
1472
7076
6452
-8759
-6197
2000
4093
-3207
72
-7572
-6519
6500
6875
-6351
-1846
5120
-4399
3808
-3673
-2236
7968
-686
1922
-6406
-9343
1532
-4402
9413
-9633
1013
-4740
-7590
-7485
-6642
-5955
4587
7471
-8983
8502
-5628
-7728
5423
6940
6320
-1706
4160
-7622
5108
7394
2132
-5268
439
-972
754
-712
642
5260
-9384
5360
-4104
5452
4700
-4602
-7838
4375
7720
8187
5171
-6515
3036
6621
8796
-1558
-6472
-8944
-4679
1238
-5275
-444
9972
1056
4392
2473
3432
5837
-5585
-6391
4219
9804
4691
5306
-6366
-1663
1699
-2315
3706
-103
156
-8055
-4118
3788
-5829
-7460
-4198
-2255
2834
-210
-4169
-4711
-1006
4309
-7830
751
7837
-7319
6027
7754
2491
-7901
9660
-9340
-849
-6165
9666
1132
-8459
9826
-3849
3901
5821
-9196
-3969
2686
4168
5783
1858
-5350
2842
6469
682
653
1031
4518
-3654
317
8100
4887
3132
-8518
957
-3097
-9638
-3449
6342
275
-7219
-2680
-9087
-1259
-3705
667
-5687
3718
-4981
6436
-7305
5768
6903
-6658
5509
9605
721
-5596
-1749
-5664
4897
-8619
-9068
-9642
-1346
3691
-531
-2904
9599
-5000
-3112
6578
9715
9445
-4963
5638
-4772
9940
4403
4064
4744
-6599
-3882
7391
4493
6889
-7605
-964
5892
7915
8112
6635
-9452
9511
9487
718
-1004
-6324
532
5111
5987
-528
-286
-5765
1047
1599
-7932
-3190
-3445
-7306
8730
2118
3732
-9129
4598
2071
-1539
-1359
9304
3061
-9655
5757
8
-3010
2290
-9841
3492
-8436
3585
-2564
4365
1803
-317
7624
-8440
7008
7100
7691
9822
-5554
3745
1459
-3965
9103
-6386
-9555
-2289
1842
-2462
7214
9814
1443
2218
-510
-7825
1469
-9626
9909
5552
-8849
7968
-8228
9244
6602
5377
9864
7323
6526
-9645
-3072
-887
4383
357
-9326
-3246
1460
-3
6031
-902
9031
-7979
-8089
8437
-2015
-5623
-2243
4478
-9769
6704
-3291
1131
-8581
-5442
-2443
143
5418
-131
4950
-8305
9824
-3678
4095
-2896
4252
-2986
-3747
2376
-3855
-9336
-6090
8376
-8069
-3706
8723
-3714
8581
-7006
1306
1404
-4306
-5147
-9367
-411
-7997
-8595
446
6779
7198
-5390
1744
-134
5996
-8070
2436
1147
-7631
-9598
-7277
6641
2426
225
7855
-7618
5895
6679
-3537
-5643
4340
795
8363
9179
-4251
-7139
3546
1639
5608
-5575
-8217
8614
-9043
-382
1815
3363
7727
9865
1159
5328
-3088
-4226
4811
-2153
-9866
-1763
9324
6335
6027
3917
3462
3244
-4945
5378
-4115
-5208
6170
9422
4975
4179
-2828
-1492
6709
-9009
7981
-7056
-6618
-5292
-443
7619
2773
-1404
-6930
-5751
-3152
8898
-3998
6398
-8257
-397
5196
-1618
2389
2378
2957
-1070
-3692
9038
8399
-3337
-6199
4430
6141
5368
-1778
6761
3757
-667
7950
-1624
-9528
3073
-2735
-5061
-2828
9494
-2824
467
-104
-6097
2114
1236
-6975
-3733
3111
-7554
-7102
4847
-1820
5075
5633
6030
4169
2041
2044
9381
-3511
9723
-513
2286
-6975
-5387
8973
3568
405
4894
-6106
9308
-8109
4752
-1868
6265
3075
-6639
-3167
-4524
-3382
-6615
7436
5838
8193
5344
-4120
932
9116
8658
-1471
-4173
2269
6622
-4034
3983
7172
2335
-1842
-1942
1308
-5600
-654
-70
-9881
-9120
-7682
2307
-9727
5024
7537
351
6169
2203
7550
-1661
8735
-4742
5739
-4399
4075
-6356
-2990
-3800
-6499
6499
-5126
-9428
975
-5629
-5030
3618
8938
-892
1128
-1228
-5465
-298
-5201
-1365
8014
-3501
-3653
-1734
-9308
5854
2470
441
-171
9149
5502
4809
8039
-1816
8889
6996
-8505
4358
8554
-6459
687
-9358
635
5490
546
-5456
-1505
2140
-4929
438
-7112
8523
53
28
-5234
570
5820
3190
-9207
9014
9424
5191
488
9975
-2196
-425
409
2509
-5617
1642
-7962
9693
4649
1048
-6692
6761
-9694
9963
-5919
5241
-1398
-8976
6744
-1655
-7630
2816
3676
-2553
-4855
-4915
7255
2263
-9382
1106
6
535
-1909
-8066
-3778
-4086
4557
-1938
-5949
9227
-6043
3448
8373
1283
2270
5014
-1254
-4643
2345
8070
1191
-866
-2715
-4734
-7640
-6815
3007
-8000
-2497
1653
4715
3949
2453
2778
3404
-8445
-409
-164
5854
7335
2311
4725
972
9760
5070
-1786
5993
6538
-5957
2300
4822
4334
-1918
-6237
-5292
2631
-29
-3728
-5283
2777
-9694
1691
8315
2323
3325
3273
9333
9994
-9318
9976
2765
-3165
-4087
3794
-3759
-7460
-1337
-2351
-9012
9376
-8945
-7872
-9510
9099
-1174
9013
2642
2667
-6447
8806
-7091
-4731
3666
-8312
6132
3828
3694
-8699
2353
7627
-906
1529
-4575
3495
-3930
-614
7047
6378
-6899
-243
-8064
-2455
-1210
-1938
8562
-6436
6604
-4761
-8564
4172
-9708
-8554
9989
1903
6270
8144
-4566
7185
-2242
-8968
2379
-4240
-2834
-1873
-5984
9524
2064
-1457
-3442
6960
1959
-5649
-5476
2776
7843
-7899
-1989
-3408
7299
4405
-3030
-1929
7636
-6063
-143
-2633
-1149
-5832
3243
768
-8951
-8617
8186
-6838
7257
4257
4394
2824
2611
-3047
2943
-4111
-5643
-8083
-6405
356
-465
5814
-2159
5213
-1860
-1447
-1262
-2529
7633
168
9031
-7887
977
-8701
8298
8263
-2260
19
1960
54
8553
7333
-7492
5017
-52
-2262
-6809
3502
1679
9030
-6041
-2525
1142
3730
1692
-7140
8644
6149
-8200
-103
-4713
-4542
-1597
-842
6719
-9030
-9314
1791
-5256
-8859
-5453
6017
2171
2124
6939
1716
2665
4440
6038
-2128
8017
-454
433
8497
6171
-9442
-8540
-1178
9337
-3749
2565
-1519
2770
-52
7528
7336
5615
-2420
-962
-4708
-7138
-7763
-8368
-7548
-4305
550
2412
80
-5276
-3830
2587
8376
3272
-9869
-8646
7613
-6770
-1220
4451
7808
5326
-8865
-3237
-3889
6642
5998
6258
-5980
9038
1616
4318
2234
7851
9822
9494
-5211
1516
-1301
4226
-1041
1361
2164
-2672
5392
-6487
-9951
-8230
-748
8957
1032
8382
-9414
6732
-8287
-4949
7944
-5420
4679
-6125
3881
2943
-4380
-9899
-7081
-5779
-6917
4665
-3639
5666
3537
-5838
7133
-4511
3731
1518
3285
-9310
-7604
-3760
7640
9515
-1191
-889
-2258
-5823
-1220
-9987
-8249
3690
7804
-6472
-14
-5176
6692
387
-9437
4603
-1221
8416
9118
-8532
4186
-9754
8692
-6613
4020
-4255
-2657
3806
-8047
5780
3281
5316
8907
-8093
-648
-9156
7662
551
6067
-56
-6133
-494
-6205
-5116
-9200
-5333
-6869
-2083
-6342
-3092
3625
5300
-4238
-2788
-7077
-3126
-6509
1150
-2113
-4168
1394
-8383
1706
-9408
-9294
9682
-6709
5720
5129
-7918
4258
3960
5972
-981
-1325
-1685
3693
8586
-5288
-7964
-4988
6680
-3744
1344
-5671
-1527
-250
7069
7893
-1462
849
-8383
-4583
8642
-7323
-3140
4964
-2702
-3647
-6848
-7989
-7248
2477
-4699
5581
-1649
5346
5550
354
-3108
-7006
5870
2121
-7087
5941
877
-9824
4547
3664
-8239
173
2246
9340
-10000
4699
73
2465
5050
4737
7533
5254
6828
9655
5225
8086
-6243
-7965
-261
2416
4563
2128
-8636
-7000
7330
9332
-2344
-916
-8684
4836
6335
1281
7699
-8941
-9408
-6099
674
-948
-7326
-8966
1845
2694
-5102
3883
-1552
6547
3570
-6934
-1297
4038
-1809
8400
7093
-5028
-4365
806
-4433
-6321
-7515
6937
5326
1085
3650
7018
-5862
1103
1614
6744
-9512
-261
-1501
-9724
-1757
-2763
-7255
-7232
9132
-3435
2777
8089
-2908
-1597
1797
-5383
7086
1114
-9805
7358
-4650
2315
-3868
-3099
-7188
1081
3592
-6392
-4556
9642
-7039
6428
-9564
-4089
3108
2287
9140
1998
3491
-2402
8749
-6349
-5594
8324
-5475
-3724
-3672
9320
-4304
-6674
8356
-7149
-8791
7640
1015
547
-1932
-6096
-2829
-4747
-1268
-1354
-6452
-5737
-2106
-1604
-7146
3128
-2541
-5709
-8264
3568
6678
-9598
-1715
3525
-1639
-2130
9704
2363
1820
-3178
-1861
675
-492
-5634
5742
2117
-3023
9107
-1041
1170
-2275
-9321
-7504
-1493
-2109
-1902
-9788
6508
4889
-4446
3121
-7461
-8672
-2946
6651
-4251
992
-1339
-4462
-5079
1345
7208
2547
-128
9330
4212
5396
-4680
4148
-2260
712
6308
-124
-2633
9364
-40
-6794
-9074
3815
8234
7491
9219
7228
3505
-6532
168
-5473
-2601
6314
-855
811
-1159
-7245
8889
-8070
-4227
-8214
2919
4670
-589
4034
3376
-5249
-1414
-186
-8853
-6284
4265
3615
-9375
9936
-7314
1166
5456
8888
3216
3671
8570
-1059
6776
7173
-1049
-810
8662
5255
4970
-9678
-1560
-8747
-3916
8278
2023
4318
5913
7302
7903
-5665
-9004
1166
-9405
3231
5515
425
-7475
-6125
9981
-8387
1373
-2345
1483
-1263
-7471
4599
-3352
-3715
3013
9513
8937
3274
3395
6466
5422
-1779
-2537
-4564
-7089
5430
-9826
-1206
1541
-5854
-6010
2971
6475
-8463
-1061
-4915
-1290
2287
6092
-3091
9974
-992
-6257
-2909
8054
-4826
685
3567
9618
-1491
388
1571
-5085
-6193
-8448
-5239
-8140
5807
3301
6188
-2479
-118
-1117
-1809
4084
5972
-1631
125
135
-7467
-6652
286
-7879
-5163
9206
4326
5405
2197
9354
4605
-557
-6012
6218
-9909
5590
-7449
5227
4719
6343
-9540
28
-8502
-9873
971
4642
3709
7409
-4705
-7947
9813
4729
794
3532
422
-9548
-9238
5814
-4015
3809
4934
-3497
-968
8730
8060
-4625
-9654
-4920
-5274
9571
9101
7405
-6087
55
-1611
-7842
-8991
6350
-9527
-190
8612
-49
1126
-6629
-3453
5061
-8986
-7261
3157
3652
-1957
553
6164
3906
-5758
-1311
-2090
-675
9057
-8995
1656
-5157
5811
1196
9220
7768
4793
2124
4561
-6121
3897
-7832
417
9462
6540
-4566
8651
6186
-1159
-1937
595
-2216
-2507
4046
6739
7394
-1663
-8155
1859
-3805
1040
7967
4948
-3889
-7377
7045
-5797
3005
-5954
691
-208
9863
4126
807
-9428
7192
9620
5425
-5760
-5544
-1959
7392
-3060
536
-4070
5462
3787
-6333
-5366
3363
7046
-2847
1814
-9425
-5629
7229
7233
8814
3568
6124
2158
4967
2324
7796
3757
6493
643
-1323
9332
-8268
3616
5401
529
4714
7742
8856
-3728
-9653
4376
1389
-5905
-7552
6321
3606
9850
4334
5651
-8242
2225
570
-7455
-4099
-232
-6575
2949
-5696
2775
-4474
-6829
3171
-7088
-3866
7071
-3486
-2036
7830
-9561
6603
-2662
-5812
7496
-7366
2851
-7517
1284
-2301
-3782
-8137
7382
3986
-77
5085
1827
-4331
7959
7412
-5137
7713
432
2039
-4503
-8607
-8659
-4006
-1569
-5018
848
1892
-9792
-7475
-2325
1726
694
9047
-3126
2748
172
9612
4765
-9802
-1621
8950
-5609
-9331
1023
8522
-7665
1587
4641
-5341
2603
5584
-5590
-9116
-406
-3786
9937
-9015
8035
1605
-3520
2022
-7166
-1255
-2131
5581
-3049
-1537
-4137
8736
-3890
7
-2225
1155
-3073
-7327
7107
-2471
5455
3915
3479
5163
5070
2647
9528
-1464
-5671
-8933
-2425
-3488
1959
-7832
-8213
-9009
6271
8905
-22
-2338
8174
945
1043
-4893
-242
3816
3715
6942
-3156
-4886
6477
-4719
4696
-577
-4674
3728
-3265
-1985
4120
-3802
-1636
-8064
325
-3899
-9497
9822
-1084
-3813
8618
9088
-214
-7359
-8300
-4911
-8242
-4655
-5693
5097
-1565
5877
-8332
2789
-2438
-1512
4137
3084
-7736
-9139
-2037
-5072
-6552
5313
7790
-4437
-2937
-7982
-7746
5254
4913
2725
-6179
5873
-3255
-3936
3633
-4194
-2165
-5723
4996
7485
-5485
662
4713
6002
-2256
7804
-9942
8996
7679
-8854
-6408
-8791
-9653
-4857
-4039
-2430
2640
-5576
1336
-2563
-8724
4076
4885
-8738
-2725
-2700
4265
7095
6459
5431
-2878
113
-2665
-2529
6193
-7368
-4363
-7770
-8064
-874
-2408
-16
8884
357
439
6184
6508
2111
-3568
5052
-4071
-4686
1018
-9546
9566
-7187
-4091
4774
1216
1239
-9749
4779
-8745
5998
9548
1753
204
3768
6906
5909
3781
-6805
-8475
8951
6068
-5005
-4307
4661
-7913
8456
-4625
-8304
-4843
710
-78
74
4961
-9325
1916
-9842
2525
2222
-6461
8698
8714
8297
-5359
-4262
5721
4735
-5168
-6868
-8467
8442
5559
-7972
-23
6149
-4560
132
4150
-2061
-7518
-3336
4260
-5631
9751
-9042
8906
-8155
-3932
-8572
5550
9215
7336
5177
2105
742
5662
-2825
-6659
-7141
-2290
10
-498
-7805
9805
1459
-9854
5615
6723
-3845
9717
-6164
-2184
5557
2888
-9737
4373
9279
9155
5420
-5298
-8762
-7342
1008
493
-8581
1910
-2145
7962
-2765
-997
-25
-9477
-5938
998
7867
-1623
8422
-6264
-2701
2227
-6686
5460
-2881
6134
144
-3851
-4287
563
5070
-5432
-5119
-5838
2077
3431
3265
9898
1283
3261
3332
-1511
-2694
-9709
7478
2680
6388
-9987
-324
4781
-7670
3027
7829
-2241
7376
-9446
5197
9299
7799
-6141
-1587
-2848
2761
-9644
6338
9581
7462
-8437
-5426
5071
-5037
7567
6457
670
-794
-5540
6431
4403
9195
-7512
-9139
3737
7269
-746
9245
-266
-8870
-1797
6986
7491
3791
-1742
8566
-930
-7012
2697
8962
6261
-3611
-923
9993
-1751
-4367
3363
-2108
4494
-8833
-5646
7594
-131
-9499
5545
465
-1516
1641
-682
9294
144
3646
-7344
3392
-4544
-4121
9043
9999
-3332
8429
7588
1936
3059
-7060
8574
-1240
4335
-8862
8127
6142
6068
-8300
2160
1038
-1236
-1720
4569
4533
6844
7569
8237
-1818
2101
-2208
-1466
-8493
502
7623
-8653
-4311
-6956
4726
5363
988
-9486
-3097
-9347
-4817
-5353
-211
2742
4233
-1892
-3357
6999
9576
-5722
-8317
7287
-110
5914
-498
6649
-4970
-3862
9412
-5769
2807
-9655
1988
4549
6596
2749
6901
1143
327
-1124
-2879
-4588
5784
9611
-4923
-9193
2675
-5603
-2022
1757
3871
-2635
3398
8697
6903
-461
7458
-7801
4524
-7682
3209
-9316
3460
9747
-6107
393
-3867
-4470
1047
-4537
-4693
719
9363
-1012
6522
8522
-4647
-3625
2923
6600
7397
2546
-4491
8833
1337
9311
5457
7358
-327
-1410
-4798
-5203
-5539
-6347
-886
4705
-2035
-3771
1176
8876
-551
4413
9686
3399
-6119
3692
2096
-2051
8296
-9692
-3175
-9168
-9325
-5700
9188
-3665
2337
3669
1217
6774
-2004
6176
1187
-4116
-9570
7922
5151
-3525
5105
7984
-4665
1594
6451
7333
-6529
7363
-3342
-8695
1159
-5306
8527
4638
8497
6756
-6170
6274
4351
2131
3674
3118
-3220
2741
-2562
3780
-6428
6724
2572
5896
-9904
3072
-8863
9415
-6713
-8769
6186
-3182
-7894
-3342
2659
-9397
-3930
631
-9846
2944
-3238
7943
-9130
5733
-9677
-6101
-6460
1977
-8485
-4411
-1564
4445
6787
2431
1411
-533
4638
8265
8166
6030
-1674
-5487
-1295
9515
-9557
5846
6455
-1239
-3909
-4943
6960
4964
-4902
3675
-1345
8599
-8826
3580
9055
6389
-7396
-8435
-4434
2767
3676
7966
-88
8255
4775
-7752
-420
8246
6612
5812
-9142
-7280
5465
-5353
-1233
2043
2340
3679
-542
-3135
1321
-5783
-7556
-6207
-1397
1942
205
-3062
-2410
4352
-567
-7312
-4735
7556
7579
-7233
1948
-7319
5697
-1962
6894
2482
3658
-7133
-2094
6391
9466
1479
6245
-8433
9266
544
8124
5065
-3952
-1070
-1826
8288
-7336
-760
1642
6160
2905
1832
9583
-1635
-5693
-4419
7002
-617
4479
6788
-8383
5766
497
-7335
1233
-5579
3991
8693
-1426
-9248
-94
2177
-8511
-7299
-7114
-2646
5110
-7623
-3099
8243
4431
-3164
7839
-3393
-7415
3349
-9427
-5973
-2623
-9322
7948
-3610
2992
6550
6143
-6910
5409
-4437
-5004
-8544
-389
312
-1460
8472
5707
7177
-9471
4845
-8305
-2303
-2285
206
7079
-2846
4267
6565
45
-5082
-8727
1449
8760
2313
6391
-5404
-5670
-4111
-7468
7818
-6151
-7993
-8995
769
7041
-9335
-8810
-8103
-9640
8926
9445
-8436
-6897
-1959
-7641
-8061
5385
3507
-9946
7307
276
4681
-1391
-4536
5739
-1127
-5480
5185
7812
8600
-1485
-140
4398
-1632
-4871
9888
-1453
6972
-9385
9021
-2500
-7625
61
-2463
-9451
-7102
-5812
-5146
-3129
2555
2390
-7039
-4307
2732
-2898
-2855
-4286
-8028
-5827
-1331
-3878
5888
5839
9939
-7636
1959
-8370
9522
-8201
7272
1499
-7386
612
-2394
-4302
-762
5215
4858
-9999
718
-8149
-5701
-6830
-5503
-4471
-1382
3807
-3004
7977
-5961
-4941
5957
8092
8098
-2832
-9446
-2431
-7849
-9482
8448
1112
3539
4147
7790
9733
8211
8720
82
-8662
-7137
-3212
6603
9551
-2980
8725
4099
3716
-3061
5233
-1917
7192
4578
1903
1114
8458
-5784
-2619
-5239
9890
8641
6081
-3898
-1598
8875
-8714
4735
-9639
4680
3100
-8037
7575
2168
9947
-4454
6446
9029
4436
3271
-7221
-4825
-5230
4217
163
-7788
-4934
4021
-1959
-7359
-2740
6855
8798
-8101
-9712
-3494
3698
-6376
9991
8955
6351
-9189
-2427
-2206
-9550
-9712
7917
6276
-1796
-1210
2969
8623
5533
9202
3248
5264
4372
-9546
-7249
-3466
-2497
-4606
-9988
6152
3172
-219
4333
-6851
-3353
-324
3321
-6186
2557
6768
-8947
-96
4197
-7752
-7539
4548
4958
-6737
8564
-7432
-150
-9001
2028
7925
-424
1797
8482
-5583
5635
-37
-9170
2014
-2848
-8335
4822
-3667
3932
-9980
6253
-8910
5194
4435
1199
-4203
-5128
6612
-5631
8969
5395
3066
2120
-8796
7880
5631
-3367
7345
-7867
6077
8906
5854
1932
-876
9359
-5281
-7401
-9806
5348
8850
660
-7282
7740
-229
-998
-9671
-6796
957
-6823
-9566
-396
3568
-2728
2508
3830
1266
-3536
-8846
-6781
5761
-7577
2372
3557
-394
-4536
-2623
9918
-9088
-7501
4569
3925
113
2464
6815
8189
6815
-6211
1253
-6264
8268
-1410
-6916
3645
-3062
6327
-2381
6277
-8285
9589
931
-7278
5257
-9218
3591
6300
5481
3360
4625
-378
6420
46
-4155
-6925
5066
4349
-6931
-9889
-6030
1345
-6962
-3295
7738
6181
-1452
6334
-2494
-6906
6254
-8043
-854
3261
6765
-298
5547
994
5406
-1293
-5960
6916
2197
2543
-3737
2870
-6115
9406
660
363
1675
7545
-2106
-309
-1186
-2738
-2948
-628
3644
9994
-4595
-5687
-4459
-9377
4839
-4136
2758
9642
4724
1000
6975
4077
2380
-86
8147
-8089
-5534
6055
-5971
7402
8133
-919
-961
4059
6048
4494
2045
-6601
-3550
6479
3555
5813
3275
8544
-8089
1020
4048
-43
8152
-2289
-9101
-4134
-6310
-4811
-3813
8542
-4916
-7939
8787
-7640
5912
1430
-6169
-4540
-9119
-7072
9888
-9641
-821
8543
-2005
987
-854
-3644
-1708
9634
-856
-9621
2642
-2216
-5569
6811
-8240
-3212
-7319
1163
-4375
5661
8867
2996
9878
2880
677
7194
-5217
-4896
-1287
8484
6484
6021
2617
-5983
-3628
-4548
-7004
-2075
8061
507
-6552
-5908
5284
2385
3875
8944
-2435
2489
-1870
-2419
6385
3967
-8471
-6153
-2402
9995
-2703
2115
6945
3896
4417
2412
-2224
1096
3164
8616
-1288
-1299
-6320
-2094
4727
2353
-8189
8637
-8220
-8775
-1057
9324
3935
3215
8352
3526
5996
-6141
2661
-9315
-2058
-5877
-454
2005
-6059
1271
-9659
-6302
-7477
-9470
1383
2696
-971
-1783
5377
-8192
2775
-1475
469
-3973
-9550
8764
-4607
-8312
-135
-5872
-9872
-1449
4076
-513
-9143
6270
1956
-4596
5367
8795
489
-6307
-7732
-3079
-81
-8711
6879
-676
9129
-9590
1437
-7981
7774
-5213
-3960
9770
-5378
9676
-1010
-9911
-8183
728
-3636
9334
2670
-2135
-2173
862
4860
1342
-1950
-2070
-7837
-3943
-7785
-1644
-8132
362
-6512
-5866
1775
8609
2444
-115
3124
9780
6242
-513
-7620
-9661
-7246
-3819
5134
6353
-2903
1693
-444
4633
-8868
7691
7194
-723
4717
3691
1902
257
1193
-6510
-8972
-9612
-8165
5510
-8132
-2347
-5456
-2565
1920
-6221
9253
8542
7348
5055
5267
8239
-413
-4350
9352
-1091
-4515
-9928
-8912
6698
9524
4229
-4054
-4968
-5108
-197
-9674
621
5245
-2158
-1606
2231
-2550
-3265
9730
-4187
-1760
-3152
-8398
-4009
-2549
-9853
-2663
-3817
-2674
-6772
-5725
-160
-2739
7001
-4801
3562
-7130
984
-8222
-5357
-5938
2708
-2169
-3938
1767
7054
-5587
9090
4243
1070
-9333
6615
-6244
7283
