-7549
-8509
-2492
-5787
5058
4967
-1202
-9062
6218
8298
-25
4993
8545
5030
3004
2320
-7580
-5733
8447
8098
1692
5653
-7062
274
-1329
4267
-369
1915
8501
-6531
2074
6741
6569
-6386
6686
-2515
-3468
-9439
9052
95
-3527
1367
9103
-6350
1975
7520
-3374
-5580
6656
-3804
3750
-6794
6325
9094
-436
394
9428
1960
2780
5413
-2487
-9989
-1030
9522
-8089
5168
-1822
-2332
1799
-1855
810
-3014
-9657
-6859
-6755
8708
-3473
8221
-2630
-4470
-6700
-8294
2444
8254
8915
-9658
-8434
-1753
2184
-4294
-3276
3237
-1702
9983
-5183
6266
-9112
60
8929
-4402
-4063
-299
1934
6462
949
-1141
-6227
8353
-4378
1677
4571
-7516
8059
-8017
-3504
-4937
-8448
-6407
1600
5157
5588
-154
7574
-3695
-7284
6277
-5416
-6623
9182
-5558
-601
-5033
7540
-5585
9590
9649
1412
864
-1442
-5272
8499
4519
-7872
-2706
-4165
1652
6160
-9647
8922
1896
-9527
6746
-9627
3897
-5763
-8830
-4124
4182
-6846
-5284
-9386
-282
-613
-8912
6530
5296
2023
673
-4397
-9151
-9101
-8136
-162
1867
-6544
-6103
2166
-4280
-69
5996
7475
-6685
9314
-8506
8387
8671
-864
-7325
-3030
1870
4774
-5255
-7778
9989
-4442
3092
-5010
3768
-950
6964
-7087
5049
7866
9239
8846
2528
-9668
-3082
-5081
7945
-5984
-6118
-7082
-2019
7462
-809
-4016
4471
9425
8850
-302
-3962
6941
-3187
4941
8124
434
1230
8105
4697
-1960
-5613
-8282
5619
-4662
-4945
-7722
5405
-6712
8196
3186
-305
-279
-7499
5836
-8615
2617
1916
1988
9850
360
6769
904
5034
-1182
7135
1573
-6670
-8654
-8200
-329
-8312
7733
1993
4215
-8688
-8795
1119
-3372
-239
4045
-5597
3983
2168
-5799
7355
3349
479
9978
-5025
-5086
6930
7503
-2368
9337
-7489
9962
-7709
3381
-874
-2341
-6852
7480
1787
-2492
6651
5113
-9138
7859
-659
-4688
9419
-948
3157
502
2160
714
-5072
-7997
2789
1153
-893
33
8768
-9942
-4806
2823
4101
-5337
1093
2263
-8859
9082
-1486
9029
-8918
-5232
1940
-5149
-5899
-2986
-258
-2362
4423
5626
2261
-2585
8280
-9328
-3538
-1771
4019
-1201
-4778
4688
-4492
-7344
-934
3093
9639
389
-705
-3698
-8431
1621
-523
6632
3543
-963
823
2129
-5504
1059
9519
5230
579
6900
-8724
-3092
6668
1363
-7514
774
-6039
-3999
-4863
-8583
-4872
-2307
-5478
5866
-3748
7443
9898
-5559
9469
-4506
-9383
-5458
-1970
-6053
8794
55
-3041
-139
-6108
-706
6215
-1451
5174
-5857
2693
-1674
9015
-120
-1959
-2227
7313
6593
889
3407
289
1525
3553
-3258
-1640
9723
815
-3840
1088
-1948
8387
-8512
-3930
-965
-7215
-5386
4988
6462
-7988
-8403
7465
8000
-3824
2113
3831
7560
-592
3722
-8932
2655
-4140
-9278
1544
960
9212
4856
-8050
-7438
2898
575
2092
533
8891
-3479
7885
-2675
3149
1392
7909
-8819
-854
-2891
4816
-3665
-7598
-3593
-6703
3991
4231
1295
2778
-9192
3998
-2649
9736
-4359
-761
-1620
-9547
-7221
-4321
-4554
-6648
-2247
-8490
-2267
-4251
-4835
-7074
-6412
-4302
-1550
-6141
4344
1844
3811
-5477
-8358
6072
-7501
69
6373
-9647
-8272
9312
-8268
-4227
-1483
8171
-8448
995
-2390
8280
3760
-3817
-6968
3524
-2155
-9803
-758
-161
-7567
8560
-8113
-672
397
843
4126
6098
-4076
2998
-8826
8123
7434
5054
-9562
2362
-1444
-6538
9426
6401
7723
-8216
-7054
7531
-9040
7024
-3225
-1654
-3095
-5787
-4132
881
-4379
6445
-6429
-9182
7319
-1054
1851
7603
6776
-4264
-872
1793
-5919
-3931
5366
2201
-9390
4163
7992
4207
-5904
-7820
323
-3852
4567
-4438
-8192
2657
-1007
4204
-2656
9050
-2085
1430
-5457
7715
147
-8048
7455
-5949
-5011
82
6186
-7287
-6030
1445
9630
7677
-7878
-3874
9902
-45
3043
7592
-6397
-7816
8646
-1162
-8795
-9269
-5869
-8034
-7942
2196
-2330
2621
6582
6797
-1538
-7601
-7258
-9160
7159
-7639
-88
2367
9360
-1496
-5613
-5571
-2684
8428
5415
-8560
1441
-6836
9540
-3659
-8367
416
-1453
-2257
-5916
-5893
-8988
-5368
2106
-8522
9645
-9372
-1931
-5733
-5554
-3706
2070
9002
-6221
-8506
8990
-9486
-6057
7534
6641
-8233
-8935
-7254
-7494
-7666
808
-5937
-8728
-9251
8993
-5456
-3535
505
-5044
3041
-9453
-510
6479
-4806
-8040
-1014
1833
6491
4317
8263
130
3638
5443
9337
-4132
5869
6076
6939
-2971
4541
3078
9480
3371
-7340
1300
7591
-2794
-7643
773
4171
-6938
3629
596
333
-3319
-7024
-6523
3606
-3610
-8810
6993
-6994
7710
2891
-3696
4584
-499
-1786
1688
-8514
-8195
-7202
7993
-9284
-4840
3128
8029
-5904
7741
3241
6217
2285
-6970
3984
-5965
-3438
8556
-2375
7133
1952
8926
-6598
-4346
-98
3816
2899
-3923
4448
3069
7038
7772
8219
8303
3133
-173
6076
1429
-6865
7500
-4468
-1469
7980
8130
-3712
-3490
8975
-9960
-6190
-4184
-7197
-7146
-5601
953
-8053
1608
-9758
2840
4219
-3664
-4011
9708
-5203
-4857
-2498
-5544
6175
8781
-6202
1028
-8706
-6732
6291
-6838
-4583
8619
-6408
-1880
-4941
9907
3007
9083
8530
3047
5300
5831
-9850
-8355
-8805
-4719
-4900
-630
2348
-1495
-4184
-8185
-648
8310
2089
9516
4170
-7628
3841
-5220
7148
-4912
523
9137
-5245
6105
306
7784
5773
5054
4533
-2985
6016
2686
8826
1455
6514
-8219
-393
9417
355
8742
-2074
6071
9387
-9584
7715
8867
8254
3411
3267
234
-8703
9181
-3671
3658
-5825
-7976
-2267
-2982
-6540
-4787
-3059
8787
-3130
-5931
-4175
3867
3
-4031
-883
1266
-7575
3699
6100
3149
-5575
-1171
1935
6793
-1518
3617
-1795
-5305
8923
8411
-1853
-7939
-2452
-7516
9692
-295
5975
1146
2140
-5214
-4967
6381
-3809
9718
2948
6645
-8145
-2573
6183
-3278
-2284
7154
7093
4154
-3442
-7313
6408
7792
-7199
-453
5208
8866
-3121
1757
-594
-6636
-9225
-6256
9417
-6534
-4311
93
-2429
3708
-4479
-5196
2847
9814
-5370
7730
7012
8983
-6256
-4381
-42
-8196
-8789
5191
-2431
9580
3623
-9074
-4326
9891
-3436
3104
4106
-7545
7377
-9210
2293
3885
3544
-514
41
-6800
1759
137
-2971
-428
-1363
-6682
5023
-8147
2276
-552
-8249
4966
1809
2000
2653
-6737
1470
4266
-5646
3158
-4817
2081
-1735
-7132
1226
-6910
-7250
-810
2967
-7547
-8540
805
-7680
8647
-5351
3746
-7669
9091
6827
710
4628
5003
8796
2846
-5133
3499
7268
-4409
3279
-9158
-9830
-4460
2452
-6547
-4771
1441
5060
5784
-5144
3486
4642
-9541
-9748
9394
-83
4673
6553
8109
-9130
4153
-4613
623
-7112
1113
6567
-9445
-947
-796
-5338
-1059
-3851
-9222
1049
602
7976
-1657
9494
-617
6743
1034
-9825
3773
618
-5069
8303
-334
-4050
5970
-9241
-9236
-3968
5930
9726
6018
-2881
8359
-3550
3522
3524
-3804
-6238
3918
-1376
-5941
-8332
-4335
-9089
2671
8569
-2240
-4433
9941
8680
7494
-938
-6592
-7143
-7574
-8620
-5111
6485
3142
4561
-2962
1519
178
5111
-6190
-7198
-8118
8087
-5058
7458
9061
-1693
4999
-1082
7381
9463
-7305
1353
2938
5936
-7520
8523
-9850
5891
8897
-8270
-9795
-1334
-9201
608
304
9145
-8506
832
-625
-832
-1083
979
-5994
-6699
6515
-565
5876
4768
-5899
6613
-6502
8799
9342
-7348
3891
558
-6266
-3688
5133
1084
-8744
2446
2850
3630
-6916
-5839
5197
-3148
-9318
-6336
-980
9037
-3659
-3864
7171
1506
7951
-9693
-9210
-8905
306
2582
8055
-4762
-8478
8901
-8836
8051
4477
8980
-9817
-198
4475
-9575
-1000
7871
3095
-3305
-2417
2656
4635
-8219
-703
-1564
5969
1784
-6966
-8648
-7877
188
4924
-6275
-5139
-5542
-4100
-4313
7227
-3537
-3951
5057
-8070
-5414
2603
-9579
1961
-3748
-4227
7214
8442
-1782
-1187
9605
-7335
-2256
-3196
-4720
-5545
5434
-9873
-343
-1510
-8875
6346
-2176
4844
-6705
-933
-5122
3833
3561
-817
7432
7596
9748
-6480
9943
-767
-1026
8440
-9935
-356
-4123
-8262
-6802
-8247
-2076
-3274
-9728
-3484
8127
-5706
-937
8079
-2721
-1649
-8773
-1136
4032
2893
1947
8266
-1162
-2180
7377
4313
-966
-8176
-1537
-7477
-4182
-4419
1020
-4261
-2218
4015
4304
-8195
-4631
-6185
8037
135
4112
-9204
31
4304
-4232
-716
-9008
-691
4956
4517
2800
5300
-2789
4759
-2834
1720
8800
-4207
4209
-8522
1177
9585
-4113
-6858
5143
7538
13
-6212
1022
-5722
7035
-3455
9466
7978
9062
3220
1736
809
-4835
-7817
6978
8229
5837
7945
-2794
-9402
-3283
154
-6766
-7108
8887
-3282
-9275
-642
3605
-5030
-6351
5921
-6668
-7486
-1331
-1497
4256
8065
-3019
6487
7817
-832
-7011
300
3892
-4773
-120
-5908
4656
1622
-6204
-8062
9601
2769
-3860
-8103
-5086
3602
4227
3119
6394
7644
4134
-1271
-9225
-1053
-8442
-8396
-467
-3372
8571
1552
-8670
42
-8321
-5810
3796
-4903
1718
-7450
-1406
-5224
-4520
-7618
2178
-9358
-4170
5203
1661
-3192
5595
5593
1832
-7586
4019
5862
7645
9513
1860
-6343
-779
-4309
-686
-3411
2031
-8920
-588
-2348
3247
-2782
7
3931
7564
-3701
-3184
2821
626
5727
2500
2375
-5166
9219
-6873
-2965
-2409
-8608
-4559
2114
-5075
2706
-4962
9820
721
5668
958
1819
-1605
-4179
8588
-7660
-5175
-2706
-4026
-7668
9353
3997
921
-4399
-6777
-7444
-838
6447
5377
6021
-113
4644
-8974
7916
1751
-4188
4121
8945
-5459
-8646
5183
-7890
-4858
2138
480
8350
5031
-3932
9498
7950
-7185
4506
8894
-7643
-4619
-8459
1528
-2725
-2651
7937
1229
164
-5083
-8382
2641
-7642
8717
9385
-3241
7059
5609
7920
1785
1413
2150
-742
-9861
-9768
-7154
9409
2736
1518
-739
-4020
5109
5781
9306
-4212
3995
-3907
9066
2083
-1456
-6350
1301
3686
-515
-5101
-2777
-4656
1562
-9161
-5727
-5845
1198
4217
8380
-2050
-2643
-5126
-2985
7388
-1480
-7067
-7060
-2915
-7286
-4120
8207
9089
7922
-6377
1554
-5318
2885
-2156
6842
7097
-5845
-6891
-3702
1102
5475
-7137
7130
6792
4700
-2920
500
-711
-8170
-3804
7871
-7003
-7026
4088
1448
-4387
2586
-1143
-9395
682
6425
-6777
-2374
9027
-8197
6129
-7498
1695
5642
-2068
3774
-2044
-9738
-389
1019
2384
789
5863
-5218
2189
-5262
3437
-4563
5682
903
-9164
-8994
-9464
-8164
-434
-7015
9907
3163
673
-4955
-1216
6748
-6364
-5194
-6283
5916
-8882
9795
2025
3816
-7211
-8498
-3049
-4470
3475
4394
-7274
1921
-9871
6277
-1558
-711
-7880
-7115
-6689
-6219
723
-1044
-3626
8110
7102
6681
5290
-6163
2097
-9503
9233
-1244
-9336
-6066
-6327
5457
-1578
-7667
1976
-8345
9216
8073
-6257
2018
-2365
3854
-8806
2465
7649
219
-1418
3279
3645
3125
-9829
-9902
1594
-6915
7202
5093
9435
-259
527
-1607
3720
-5205
4250
-3685
4404
-5726
2191
-3098
225
3412
7208
-9133
-8054
2293
-7722
6526
-8686
-5444
4169
-3325
-9709
-9116
-3522
-1633
5040
9387
944
-1877
-4571
-248
-9235
-2021
-8458
-1407
-1663
4805
7690
2250
-2115
377
5186
-5496
6913
4110
4224
-547
-9094
-2905
-6328
-8222
-5909
-4719
-3551
-9026
4716
1042
-442
-9136
9215
4485
7582
-1007
144
-2746
3215
-7042
-1693
-5618
8399
6029
6792
-9248
-1621
-6179
-3290
-8405
4124
7553
2033
-3610
4429
9193
1942
-7129
3079
-8209
-7039
3896
-2234
6001
9452
-4488
4878
-4999
-7247
7589
-3226
6637
-5650
2800
2276
9223
-8605
9135
-3880
8320
-9500
-2508
-8094
1525
-2572
8330
-3840
1025
772
8046
-1210
-9401
-1013
231
-3827
1542
378
2603
-2951
2445
170
-9525
1293
6375
2745
-5797
4249
1812
4025
-6700
4841
8523
5521
1215
3353
915
4587
8491
-3283
-9988
4386
-2744
-6481
3904
-2905
5324
1389
-72
-539
2069
-801
4976
-8364
-4582
3482
7192
-3242
-8892
5565
754
7684
-3083
-2902
3338
7560
786
-1671
9954
-4518
-4301
-8393
8703
-2187
500
5653
-5926
584
6029
-9136
-3776
8224
-8892
1044
1943
-7960
481
4703
-6942
-7236
-831
6479
3377
6329
-5867
8822
6273
-7696
-6373
2465
8373
-124
2124
5032
-9554
-6643
-2039
-8730
9936
-3495
-6339
791
4092
9549
-600
-7878
8580
-1819
-3712
-1472
-5559
4218
7366
2334
-7421
-5414
4314
2453
-4760
-4831
5510
8055
-8790
-295
-6168
-9523
-7876
2079
-9084
-8992
-8340
2754
2707
-1053
-3371
4170
-5225
3428
9219
3032
6562
-2514
-7427
-9723
9203
8685
8426
-9031
3688
-910
217
7338
5719
-8224
4602
3800
611
-2082
-1814
222
1176
977
-6543
7513
7035
6615
-981
3843
628
3939
-3394
3978
-4080
7652
9858
-556
5920
5613
2619
-355
-5256
8125
-5421
-9875
9588
-6086
-6699
6966
-5951
-8574
3728
-5155
-6567
-7628
-3830
1525
-7779
317
4769
4089
-6018
7787
4274
2028
7948
2234
-4906
6545
-1937
-6208
-2827
2556
-3465
-1888
6968
2613
6743
6832
8983
7190
3325
-9821
520
-9124
-4090
-2368
-5931
3199
-8163
7569
3303
-6842
7435
6500
2558
-8955
-7846
1290
4056
2604
-8992
1005
8618
4495
4446
-8662
-6858
5435
4170
5221
7467
-1351
-7229
6307
6419
5679
4536
5476
2869
436
8154
-2944
8973
6007
7828
6226
350
2993
2552
8992
9802
1382
5077
8629
-6918
-6063
4567
-6733
8604
-5946
-1512
-657
5017
4879
2648
-3689
1242
-2792
-1650
5871
-2270
-8591
-3706
-1619
-7730
2755
-4082
-5003
-8417
-2750
-8816
-4602
1900
1764
9252
-7818
2900
8451
-4553
-5717
-7294
-9394
-3649
3279
-4034
7675
-4204
1742
3875
-3721
3517
9058
4371
-2964
4296
-8536
-2204
6704
7940
7458
-9099
6712
7456
-3637
-4891
791
-5855
7
8177
-518
684
1424
2516
9636
3308
2538
-5756
2993
-8265
4612
-592
7086
-3885
-239
-4753
-6300
4992
3860
-2752
3701
72
7899
815
41
-9212
7026
9334
446
-4641
-4015
-3289
-6907
6172
-2423
9858
-5071
7062
-6108
5071
3864
-6391
1240
-2586
-1532
7044
9644
-916
-5126
7950
-3371
9170
3442
1671
4507
-3213
-3560
-8667
6132
-9224
2883
5804
-317
4446
-8831
8890
-6518
-1683
3029
-123
-6149
4120
-7261
-9214
-6675
-3561
8939
-357
-6249
-3588
7102
-8993
2782
5404
-7564
3631
-5744
3327
-8718
-1835
4341
-3573
-4846
-9278
-8448
9612
-9593
-6989
6330
4404
4608
-7438
-1569
796
-6069
-4608
-9573
-4192
-2846
-58
-5306
-2165
-6218
4457
6149
7350
9484
-2984
1432
1864
-4131
1205
-1543
-8530
-5049
-7799
3399
3975
9615
8341
-1232
-1792
-268
-1934
975
-2465
8628
-2103
4102
3656
4219
5441
9252
2511
-7083
2652
5241
-5449
9811
-7562
6011
-5640
-4605
-2565
-978
9412
-6718
416
6505
-6603
-5108
-4842
905
4670
7452
9379
-11
-198
280
-4053
9224
4336
2926
-2478
9441
1421
-7848
-1327
-9959
-7586
-4765
-8248
7013
-7656
910
-1225
3011
-5226
-1516
-7569
-2908
-5644
-4070
1100
6802
-5448
4146
-9904
-6451
3584
277
-1374
3050
-9442
-6560
-5642
-4345
-6180
2654
1255
3333
6549
-2774
2717
1241
4185
2318
9990
-790
3645
-7013
2681
-1405
8778
3298
-3527
8460
-2374
-7725
5087
-1323
-7403
-7995
-9072
5976
-6877
-2435
9384
2200
6826
-5303
-6355
-2115
-3413
-7790
9848
-6323
-9695
-3217
-261
-8145
-6928
6182
1954
7433
-9752
6302
-178
-2228
-1157
1830
4547
-1424
9453
6871
-1598
5979
-372
7017
8589
-3661
-7575
-1614
4368
-902
9878
949
1451
6727
4425
-5052
-9390
-8203
-8661
-534
-370
4070
-6848
-5704
1758
-2535
-5596
3066
-4052
-8213
3299
2552
4520
1796
-1665
5814
7088
4238
-1377
754
2806
-3150
-2087
7718
-4052
-3155
-4948
-3174
-2
3539
128
-4925
5382
-9212
6959
-5326
6237
3140
-2567
-3435
8180
5313
-7599
-2800
2516
6189
3251
9075
9733
1507
7144
4256
158
-7136
-207
691
8849
-492
-5450
5905
-5610
-7294
3188
-5211
7799
-7503
4760
-8595
591
1502
6662
-9909
-8428
8203
-1644
-7347
5160
6273
-9282
9434
4409
6454
-5666
4266
-204
-3190
5372
5299
-5906
6024
-6037
-9298
-9749
-7587
8024
-4589
-2956
-4203
-6614
-4980
-8087
-5837
8657
1626
-1220
-1603
-8140
-4378
6529
8960
-9713
3714
-4646
-4577
8103
-2438
4278
2248
7719
8760
-6189
7110
3283
-5325
662
-9863
1886
3658
4275
-5643
-2413
-6811
-622
-6869
5014
4575
2062
9647
3294
4065
8773
-2487
-2376
-8336
4325
-9667
6967
7142
2418
-5585
2494
-549
7154
740
-5508
-1640
-3003
-7302
6889
2794
-1813
6925
8816
-5095
1869
4286
6472
9766
7338
-9049
-5060
-3346
825
-7366
-1944
1342
-6731
1152
-4947
9334
5490
8822
8399
997
5869
6558
198
6788
-5359
1639
-8349
6124
-3681
8736
8243
4887
-6435
-9626
8413
6163
8395
4054
-46
-3208
-1205
2846
2493
1637
-4900
5502
-5656
-4379
-2267
-4179
-8344
6872
1307
5047
-2210
3317
-3443
5514
-1212
-9136
-9640
6424
2357
9204
6435
-4771
9564
3199
-9162
-7665
7014
-2917
8705
6348
-6971
-3820
3089
7845
-1135
-64
-5231
-5709
-9223
2226
-3359
-9238
6593
-9334
-8571
9387
-5191
866
6206
9735
-3267
6448
-3446
-5186
8586
9827
7206
7776
181
-5294
7167
507
3803
5538
-4487
3298
8540
-5883
-8707
-6145
3729
-86
-8613
2879
-8104
9440
4941
-4230
3650
8742
3922
-1787
9867
9273
1255
4405
-6983
-1645
-9212
596
-1489
351
-6638
-2072
2010
-4644
6366
6115
803
1722
-8409
-103
5509
8424
-9787
-9915
6990
9852
-4908
-4305
-836
6486
9782
-8575
2682
-6473
-3527
-9353
-8603
-164
-3301
5855
-8405
-4694
-9866
2011
-3799
9751
-4815
4174
7258
-4042
-5831
-9712
-5786
8074
2835
3135
7029
-6617
-588
8685
-6064
5124
7548
-4792
4391
7267
-3603
-5458
-8297
-864
5864
7142
-93
-8979
9766
4415
-253
8864
-8036
-1145
-3980
5528
9899
-5608
5321
-4353
1806
8776
-6664
1552
2663
-9949
5088
2557
-4990
3396
-2093
2562
9109
9440
-3897
6387
1684
-5402
-5776
-1559
-682
5452
2408
1001
-8363
5633
9217
3446
6957
-3500
8549
6491
985
-4292
-943
-1385
-1710
-7731
-3468
-5760
901
4497
-3270
-3998
3783
1222
-1555
-6990
-3389
3198
-5261
2016
221
8737
7746
8914
-5327
-2795
2668
-5927
4867
2587
-8421
394
-4492
4059
-5187
-6124
-8465
7477
-5745
1694
-4624
6700
-7062
5166
-3835
-5919
-3652
-4864
-2767
-8744
577
6872
7855
-7899
6319
-2090
8798
7436
3143
-5102
-4153
3372
-6759
-7621
6687
3191
-3560
7595
-3570
-4772
9153
-6837
-5567
-830
7478
4254
6598
2975
6721
-6764
-9490
5306
6452
9732
4682
-6327
-7948
3114
5110
9760
-2650
3195
-1711
-3697
-4346
-9758
2814
6112
1704
-2137
-2310
3909
3929
-5668
-4042
6609
5691
7489
-4051
3171
-6929
-4717
1177
5752
-3192
-3327
1798
-837
-947
6294
-3746
2483
5482
-9326
289
-3073
-5601
-1402
942
8015
776
7313
-3792
9421
4357
-2129
4781
2034
1128
7475
5580
1675
-5737
1035
-3974
3842
-7855
8553
8660
9424
-8999
8551
-8538
2875
2993
5102
1308
-6057
-4119
-7322
6423
-2382
-60
1454
-655
-9291
-7055
-9020
-8115
-6327
9571
5067
-7215
-3694
7009
-6325
5052
-8458
-6826
8723
-3335
7012
-1666
-9531
-7627
-2548
-562
2590
-2736
-1574
4900
-6576
-8696
-1307
1170
8109
3445
-6600
348
-9683
2623
-6918
4006
-8451
8514
7197
-4407
-8389
-4850
4937
-985
538
-7946
-3771
36
-3663
3495
4487
-493
8646
-4945
-8450
3051
5182
-6261
7863
5450
-4072
-1276
6886
8097
-4250
1640
-3152
-223
-3808
2716
-2605
5022
-1629
8725
6858
7529
949
-2527
2372
-6544
2185
-8807
-4437
9727
4610
1046
-4540
-8076
-253
-3891
8719
9341
-8808
7198
4867
-8688
-749
-9006
9798
5
9696
7628
-3375
-4866
2241
4212
1203
4638
-3511
-9632
-1643
8657
-143
2390
1822
-9675
-9620
33
-5142
-5610
-7593
4489
4809
7136
-7512
-5062
2268
7000
-6760
-7866
5702
2695
-642
2499
3297
-3163
-5596
-1198
9470
3422
-6422
-4744
-3700
-5580
-4177
1811
-4303
3339
-201
-8864
2394
761
2741
5539
6531
-8167
2441
-9351
-6286
891
8929
7093
6616
-9530
4660
9187
-6059
-1848
-952
5108
3291
9872
6672
3543
6993
6436
9213
449
-1588
-7429
7356
7057
-4404
-2869
2839
-2945
1932
-6479
4437
-7615
5325
2156
-201
8600
5243
4316
8928
-2137
9877
-3389
-5603
4615
1079
-7673
-4532
7300
9689
-6118
-5489
3745
652
9931
-6314
4247
3625
2264
-4064
5861
-5139
8968
4833
8018
6102
3902
-7693
5351
7921
9564
7474
6303
-4313
-660
445
3813
9893
4600
4950
-2182
-8798
4998
-8000
-1143
5462
3635
-6592
4089
-2519
-287
-3646
5657
1674
-9892
-8320
3363
-6105
-8546
-5168
782
-8453
5968
-5344
1976
-8327
3712
-6318
-8842
-9304
3492
-4762
-9763
-7123
-9706
4224
6302
-2640
-4858
6650
-454
-9999
7593
-4095
1037
-3981
-2229
2402
-1112
1494
-2750
-8079
-7977
5141
-5318
-6106
-4771
-3459
-6734
-7483
-7195
-3902
8485
-7297
-2686
430
-7116
-8935
1918
-1981
2589
-4103
-2131
302
-24
-1326
8963
4247
1498
-2898
-8542
4627
6344
3897
-9276
-8782
-1521
-9135
-1811
4993
2335
9642
7872
636
3366
5586
-3159
-1312
5401
-9981
-6918
-5468
-1914
4573
-2353
719
-949
-3549
-6694
8978
-6394
-124
-5596
-5202
6516
3805
-6080
8422
-9462
-2789
1762
-1234
-3712
5012
-9626
3891
1224
-2270
3890
7195
-4001
-9180
-4175
-4616
1936
7818
5485
-8404
4911
7389
18
781
-9152
-9079
-2364
-1124
4820
3069
7335
-4414
-7447
-301
-8491
1944
8211
-3617
-7291
2291
-2183
5348
1463
-7931
-535
2358
-8528
-2806
8466
-1555
-7827
7837
-327
4704
-9353
6817
3392
-825
7380
6074
-8449
5303
-239
7331
-628
-4921
6313
-7896
-7750
-9597
9715
1544
945
-939
-6399
-2968
344
-6689
-4911
-4954
8892
-5923
-8697
-7794
-5504
6804
-9053
3326
5946
9315
2852
-3945
-9994
7211
-9460
1838
-3911
9572
-5100
-1349
9839
-6292
8851
5022
6164
-8383
-1355
444
-7389
8479
-4730
-2069
-2767
4440
-1057
9524
7980
-5530
-1405
5242
1205
-8287
108
-5535
1367
-160
203
-4992
6383
3852
-8471
6834
6476
-9409
-5803
3682
4602
-8721
5862
-7370
-1171
-6921
3328
-813
-3693
2650
4914
9256
6134
3869
-5042
2924
847
-4002
-1952
7612
4614
5024
-7313
5775
-2974
-6880
7220
5658
-2009
2631
-1339
-7270
9177
367
-3158
-2269
-8891
2104
-5904
663
929
2377
-9045
4113
-5477
328
2532
-7981
5521
5639
8830
1932
8604
4120
433
184
-5325
-4194
-6303
-9985
-70
-1249
7502
-2600
-2910
-1388
-7794
-8524
5518
3852
1893
-253
4311
-5721
-8358
2747
1684
178
-590
-8931
4862
-8559
-8613
-3165
-7733
-3117
9978
-2023
-4599
5373
-4288
-6961
-6091
-3802
-2165
8946
-1897
5732
6756
816
-4559
-9953
9422
1042
9196
1221
1111
-9316
6054
1384
-8544
-7025
1696
1564
-9514
-4098
953
970
3120
3518
8279
-4565
7982
8188
1377
8612
1097
-8191
2303
2062
9463
-1632
-5486
6149
-2176
-5599
7193
-513
2071
1652
-7265
5342
3146
-6980
-630
-7070
4588
-6308
5269
-9503
840
3780
1044
-7141
4758
1891
-1191
7971
8117
683
3196
-4092
-6749
-7436
6929
-9406
-3118
4031
9363
6596
4344
-6529
-4493
-4099
-3128
9741
-7492
-2460
1409
2356
-6551
-7906
-6403
-3032
-7447
6948
-1309
8547
-404
6150
-980
2940
8744
-4262
2323
197
-2455
6516
-1773
-9643
1796
-6023
-2756
-9357
-1143
-6280
81
-8504
-4338
9114
7341
-1821
7595
-8524
9049
4060
4980
-5512
-9545
894
-5030
-7604
7921
-9193
2796
-410
-3508
-2957
6809
-4245
-8271
-4980
-7935
-3544
-8421
-6964
6086
2273
-4108
6998
4451
-240
-7283
-3759
1844
642
7233
-3708
5512
-1380
-3329
-8486
-2125
-5332
4005
6260
3531
8778
-3159
-9397
2534
-7103
-3352
2288
-3929
1825
4653
-9317
-2405
-2315
-5189
4066
4498
9116
9562
766
-5230
8310
7982
7239
-885
7712
989
7982
-8956
-1016
-7389
3401
-5054
5421
-7591
-9616
248
-351
9894
2285
-5502
3370
9525
-992
4471
-8940
650
-6850
-4238
-2950
-5985
-3442
-9291
-1729
1298
-638
-9365
1957
4679
-5852
9773
2527
-8281
-3303
-7043
-3019
7232
2798
-8057
-3136
-3521
4863
4560
-4408
6289
1607
5893
-9532
-7010
-2132
4623
-3515
8510
-5539
6485
-4281
1229
5300
7875
-8327
-5124
-4536
-5249
-3091
-8963
-2846
-4796
9341
-6069
7131
7179
2125
4791
-3084
-3492
5430
8368
-1327
-9830
429
-6110
-6788
-8925
3830
5319
2470
1470
-3853
-2873
1012
-1155
5550
-827
-7527
7418
5331
3770
-6293
-8871
-8478
8781
2860
3500
1446
4162
1088
-8687
-278
3723
510
-6829
-6994
-325
-9753
7621
-3965
5121
8027
7782
5712
7790
9059
4353
4951
7734
-7210
-2789
5501
8726
9621
7525
-2042
-3075
1747
-3782
8433
1968
-2622
-8729
-6682
2474
1287
-8271
-8356
1581
6622
-4484
4425
-537
-6321
-7675
-96
-9926
4066
84
8964
2932
6801
4138
5955
-8408
-5163
-8564
-7002
-383
4410
-5011
-478
-1775
-3351
-6930
-3137
-292
7342
-8533
-6930
9245
8728
3617
-4337
6852
3863
3694
7983
-6728
-7852
1919
-5130
8815
3175
-9219
-5383
4035
-68
4860
-491
-4441
-8567
-2842
-8729
-2859
-8401
6599
-2175
-9928
-7468
7055
9763
5435
6479
-9378
-9110
-1699
4535
1021
-1440
-6748
7600
3901
-1589
-8130
-6634
9925
-7077
6582
-7390
7315
-3737
2840
2863
4087
6445
3395
-8374
4514
-7567
8388
1678
7510
-6714
-1887
5044
-6874
6557
-5120
3885
-8721
2982
3273
-2812
-5003
5998
2604
-56
6164
3899
-6871
-5591
-9904
5064
-8127
-400
5990
6415
2464
9663
454
9312
7014
2806
152
-4804
-8338
5781
-5531
4455
366
7396
7298
4340
9646
9861
6546
-6463
-3220
9554
-3071
7977
-1102
4436
-5102
4312
5552
5891
1881
5420
9112
-5424
-4116
-5136
6774
-4128
-3128
-9245
4038
-9140
-7984
-7461
3154
742
854
8757
3924
3176
-4935
-1219
-3003
6782
-243
8453
4583
-3935
9303
-6763
2002
1093
9811
9977
2622
8611
-4656
-7250
8274
4995
-339
-4125
4778
7592
9063
4187
-1611
1388
9112
-8076
766
4014
-4418
-8185
-1771
1252
-4295
-9574
772
-7995
4121
-6608
6497
-1108
4369
-2069
-2213
-523
-7797
3056
2185
-6069
4142
9561
-4190
4084
849
8232
-3729
-3637
-2255
9504
-5878
-1561
5562
-1684
2155
6235
6840
-399
-7357
6389
5426
-3573
-1928
-2782
999
-9118
5816
7648
2717
-1175
-5192
-2033
-7235
-7116
-2993
-957
5061
1359
8836
-161
-3918
8957
-512
4653
3065
-5688
1644
-8494
6132
8702
301
6753
1531
6464
-9863
8488
-9772
3959
-3572
3728
-2483
7721
5456
-5107
5957
7742
-2223
-124
-9828
8185
-3469
6723
-4193
-278
9696
-6185
-3238
-4759
-3991
6527
-4211
8367
5675
-1959
-7590
-7459
5972
-9606
-2309
-2542
-2642
-314
3746
-5714
7638
269
628
-4013
-2183
-1657
185
723
-8344
-5922
-7859
-9113
-1912
-9073
3369
3000
-3454
7667
-6575
-1275
1793
-6082
-3767
1371
-7246
-8369
7857
-154
-1987
461
5183
9905
3372
5925
-2264
7649
1177
7004
5530
3918
-3582
5963
-2440
7299
-7652
-7099
-590
7175
3261
1318
5052
8705
-5354
-6865
-4954
-3530
2741
7304
-5002
-6184
-8051
-690
-6873
-1082
4602
-9718
2436
18
-2341
9875
177
3309
-7634
-6495
7587
-3611
-7385
-832
7066
-7099
-6539
90
-2876
5059
9349
-2409
-7547
3411
-4137
-6614
8238
3070
9952
-4783
7694
-7290
-2064
5542
-5659
-2004
-6033
-9948
-3446
8001
-729
5302
7281
-7153
331
-45
-8566
4107
3233
-2442
-8659
-8650
1904
-6822
2050
-4650
-6616
9550
-3159
-2915
4413
-674
-8891
-2185
6700
-588
-2811
6271
-482
-9424
-3451
7087
9960
-8514
4888
6308
2767
6525
994
4537
-9506
-2521
3343
-8248
1792
-9110
1237
-2843
-3331
8996
-7414
-7136
-2506
-8227
-9116
3254
-3426
3108
3604
-3849
-3437
-6923
-1403
-8530
-7614
-2876
-9135
-4195
6357
62
9660
5223
7972
-6675
6446
4830
-4062
-4150
6367
-4653
-1851
-3057
-9384
7348
-3477
700
-838
-2927
1168
-2946
-3621
-2487
-8643
-6885
-9875
-3559
-2285
-3172
2573
9728
-4715
-6765
2882
-3194
-7017
2234
-7697
2339
-4570
-1728
591
-6989
9280
-1002
-4027
-9037
-3510
-3906
7298
714
-8912
5519
-2022
2312
1367
2496
9594
-5760
4336
-4764
5494
-2480
6139
8885
9894
2108
-5500
-4842
-7018
-3502
-3941
-2996
978
752
-2538
8138
60
6132
-8795
9538
5266
-1062
5794
9047
7828
-329
2037
-4798
-3592
6057
-3847
-8443
4873
-4894
6469
3950
-7371
-7776
9870
-1690
-263
2472
-8544
-7203
-9025
-2401
3415
-7587
-29
949
5315
-6529
5492
-4056
5006
-423
4312
-1138
-8928
194
-4253
3037
6004
-8607
-1502
-5007
-3766
-6555
-4077
-8645
7885
1369
-4807
-2694
-9471
2063
-8433
1669
-4444
-1679
2714
2643
-828
4363
9209
2569
6230
7129
-3124
3415
5113
-1243
-5940
-2024
1582
5774
6133
438
-6291
-7748
-354
3318
-3959
5813
5128
3277
-9557
-7822
4474
4356
6813
3012
4870
4249
-2516
-4435
-3081
-4863
225
5755
-6073
-9406
-8278
3414
7578
2320
-5128
7744
2362
-3034
-8241
-2645
1009
9468
-8421
-7239
-379
-851
1388
5236
-6297
-1896
9702
-8676
6654
-8477
1985
-9829
-2943
7211
-987
-3140
-7232
-4044
8686
-7525
-1687
8739
-3370
127
1798
-8560
1549
-8096
-6378
5449
4788
-9951
-671
3860
-7067
-3119
9306
4340
4882
1513
-7986
9555
-4403
-6811
519
9307
4966
-420
5480
-367
-4475
4563
-8344
7981
-6977
7900
7219
6285
-6575
-5013
5681
2244
-6448
6509
-13
78
-9472
-2214
-1478
6917
2486
-76
-630
-7304
-6509
-2299
-6384
-8240
1798
-9295
-621
4615
-3185
-9527
-6254
-3603
3074
6695
-520
-538
-4262
-2555
9388
-8800
-9679
-9382
-9691
1886
-8520
9911
8161
5579
-8136
-3066
3202
7645
7794
-9989
-9060
3210
-1109
6608
-1210
6023
2932
-5123
1086
-6134
-2903
-8584
9873
5595
-7922
-2363
-5651
-8644
4452
4634
-2157
-4940
-977
5762
4951
-8491
2322
2986
-6566
-6213
-644
-4281
-7856
-6205
-8176
2895
4298
-9859
1450
-2464
-7253
-2489
-4068
-5609
3451
-8923
4414
8901
5738
-5151
-8000
-6107
-9036
5223
2099
6138
3499
6729
-6662
-2942
9391
-1380
7642
-8585
8053
-4670
3428
6754
9881
6425
-3384
5217
-6715
7836
-6884
-4163
448
-2325
-4109
-1169
-5118
-3803
-626
3568
7971
-7559
-8997
7602
5389
-3156
8945
2444
-4976
5674
-4184
5305
-1372
-4360
5970
1670
5956
-6385
2261
-6797
3541
2304
-4974
-5285
-474
-5290
8710
4748
-6870
-4063
3429
4977
-5955
5543
5110
-46
5779
-6845
-3965
-599
-1109
-4450
5539
-2260
3665
-6712
-7138
4537
2668
-7363
7679
-4385
4687
-3931
-6641
-2475
-9321
3062
-2131
-6045
9696
-7034
8986
8613
7196
137
-7609
-6434
3949
2517
-3294
6854
-3038
1176
-8502
1350
741
3512
-3738
-7540
-1551
-3963
8448
-7070
7795
-5391
-4165
-727
5930
-4420
-7190
2858
-2946
-4954
8243
669
5020
502
-6560
4789
-8268
931
5082
449
3800
1415
8544
9697
226
-5721
4548
-908
-4172
2907
-6743
7270
-9163
8339
-1721
-1198
7111
1232
7300
8242
-3454
-9455
-3241
-9457
8217
-9400
-6257
-7722
-519
-2473
-9910
6981
-4362
4364
-3780
8906
-8144
1410
-4130
-9255
6160
9285
5037
7209
-903
-2817
-6385
209
-2020
-2499
-9087
2187
-5169
6462
-699
-9352
84
-7855
-4498
-5598
4520
9066
-3931
6946
-3863
72
-7551
4754
-8631
3050
-4368
-9243
-2855
-8184
9657
-3872
7470
-4420
4837
8771
-6975
-7036
-7966
3492
-2678
-3325
-7251
-9360
-1553
150
4390
-8958
-5568
-1689
-374
-6968
-2913
4043
3870
-3206
-1080
2953
7682
-5231
-6990
-8444
1366
-7399
-3409
-4722
-5305
8630
-7151
8680
9752
9198
-9482
8048
3351
9668
8288
8572
-3758
6138
4449
8548
-4215
-5356
-1693
-772
4911
1287
6199
-1889
-5352
-3194
-6326
-5360
-656
4718
-4518
3464
4923
3553
2132
-6004
5674
-7647
5589
9670
2972
-5215
-9928
-2042
-1551
-2334
2750
9528
-8705
1943
9755
-4479
9654
-9658
1513
-1655
-6450
4556
3405
184
-1554
-9077
-2413
-4791
-6435
6673
-2651
-4314
4842
1267
-3654
-2252
240
-2018
-5085
-4261
-7099
-1034
8653
4542
-5532
3980
-8096
23
-2720
-9085
6823
-5161
-1931
-2318
4232
-4822
-7520
-6419
2031
2013
-3803
-5738
7530
9285
-516
-3610
3459
6917
5731
-4979
-1165
-8430
-3060
-7986
-1894
1581
-9578
7814
9213
7918
3936
9092
5412
363
8244
8459
-1341
2482
-2435
-9568
7799
-6977
-556
8383
-1950
3243
3857
3353
-1102
5807
7468
-6313
8954
-8043
-4583
-233
4393
7517
-8266
9163
34
3321
6560
2770
5559
3068
-8275
2018
9608
-7975
-9143
1405
1132
-9772
-1102
-7895
8278
6440
-5167
-6654
-7238
9117
-457
1880
723
-888
3474
9470
2013
7703
9373
1025
-8603
-6592
9084
-4940
-8968
115
4049
6516
-3803
8558
-5425
-8185
-5040
5793
3662
-6112
-3631
6131
-4419
-8887
3182
-6251
-4988
-9376
8402
9473
-5262
6695
-2688
-4233
7006
9704
4460
1354
-2994
-3845
6624
-296
-3643
-6991
-4168
9849
-488
-6296
6096
4320
3924
4011
-481
-6528
5106
-4462
1862
-3223
-987
6199
3880
3828
7993
-7224
-1507
9274
-7748
-5526
-2551
-2522
136
4731
-2602
-6319
-6677
4440
5975
-3933
4532
3858
-2916
-9149
-7785
-1884
1219
9890
8305
3605
7497
8946
3665
4549
-3254
-7158
5182
3364
6092
72
3827
6170
-9707
5163
-9067
2118
-7254
-9548
8490
4257
527
9245
5349
-603
5454
-1695
8385
-8416
5291
8073
-9739
-8016
-199
-8868
0
-6288
-6829
4510
-257
6416
-3871
4829
-1559
1389
-1215
-5773
-6911
2946
3233
4024
6508
5408
-2873
837
2407
-9602
-3214
3089
8292
-3589
-2115
-7272
-9456
5790
2528
6738
-8883
5416
3423
-8780
-4475
4392
1701
-1862
-2136
-9458
-1944
6079
-1960
-5848
-4727
3638
7938
906
6816
-3552
6695
-4976
9958
-8568
725
-918
535
7458
-1088
-3773
-5085
8090
-7917
7871
1557
-2923
5030
7994
3256
4320
-3281
-9802
6616
-9
6971
-5077
-6971
-8219
9914
9216
-9636
5427
3750
-5967
3688
-958
1912
8195
-8588
7300
-7423
-3549
1173
6233
-9466
-5170
-6806
7607
-3120
-8820
-2964
7564
-4162
8036
-4705
-1802
-8521
-8601
-6913
-3405
-7132
-467
-8979
5713
-2340
3962
-9908
-1540
-3018
-2778
-7600
9491
2264
7314
-8464
1188
7698
-4846
-5752
1881
1120
8447
9434
-8530
6658
8884
-3066
8003
7920
-393
-6804
6760
2577
95
-7808
979
6621
515
1406
-9424
9696
-5382
-4766
6342
-1280
4173
-3247
2779
-6514
2678
-9821
-2573
1669
9246
-5597
-8819
-6160
3767
5784
-306
-3953
424
-6129
-2214
5631
3171
240
6617
-219
7552
-1752
969
1719
8864
-9400
1772
-51
5212
6865
-8467
-90
-2679
150
-6191
7053
9868
-3896
-1592
-1877
-1619
7627
2465
-9305
-3612
-777
-1652
8327
-9471
6153
7744
5458
7853
6055
8759
927
-3076
9903
7932
8025
7862
-1107
3433
3992
-9982
9839
-6276
6689
-3964
3810
-3572
8165
4412
-3198
-7679
-8268
-75
-5118
-6626
972
-6653
-1315
8450
9772
-513
8464
4161
-5639
-5575
8354
9929
4632
-6773
-66
-9559
-4848
-2353
2674
3499
9820
-3267
9361
-1721
-9834
6650
-9726
4579
1355
-1788
1904
-7484
3649
-8484
-733
6380
1181
5737
-1664
1282
-8513
6186
2247
-9812
-2101
1867
-1176
-911
-2111
1547
-601
3315
-5191
9955
-5453
8873
8255
-1877
-3642
2207
-3377
9024
-8243
2936
244
5847
-2253
-1528
8874
7938
-8696
3402
-9840
998
-7815
3709
8190
6770
6251
8977
1029
-1717
3004
2965
-4827
7109
-8660
1239
-9636
-8997
-1802
-3404
-7074
-6615
-3349
-8194
5464
-9056
-3426
8266
-7527
7163
-2413
-6149
-5779
6865
299
7279
-427
1988
-3898
-7836
-2594
7056
-1611
-2151
1206
5551
4956
-3369
-9845
-364
-8369
5064
1271
1214
-8617
8846
-1115
1546
2157
49
8950
7778
3580
5685
4325
-8640
2215
8099
43
-9869
7053
8915
195
-6353
2579
-7752
-1536
5206
9510
9930
7172
4177
7707
-9336
8089
8105
-9731
802
4549
7303
5630
-2440
-3631
-8900
-1741
4383
-4215
-3991
7251
2062
3342
5369
-8766
-7335
-7338
-4285
-3997
-6264
651
9134
-6727
5287
-9880
-6556
-2362
-2745
-3277
-9671
1408
-2936
-4596
506
9979
-9394
-2193
6264
9638
9021
1375
5046
-9751
164
-3966
2753
7874
-8784
-9385
2990
-6031
5848
3259
9599
-3155
4905
-1754
-3242
2107
9312
-7423
-1596
-2943
9956
2621
-3101
-6433
-2058
2627
5834
4463
-2840
6553
-9037
6128
7084
-1104
5352
3144
2811
4655
8304
-9948
3706
3128
-8417
-6689
-9559
-5082
5965
-8801
-546
-6216
1351
4111
340
1595
8809
6969
413
-890
9235
4735
963
9024
9349
3059
7411
-3249
-2667
9454
2807
9926
2968
5647
1051
-8354
6651
-8956
7309
9306
-6861
3704
-2794
-5365
1644
4932
9844
4826
5890
4735
1007
473
-6560
-1529
1990
-1877
207
1053
9775
8370
-3420
-3083
5260
8516
-8034
-1131
9602
2753
9199
-6153
-1109
705
1009
-8922
-5762
-5317
-2998
2463
3150
-6725
8438
9158
1323
7811
7757
620
-7165
-6370
-7722
-1844
4799
7580
-4955
-1510
9625
-6903
-9037
4367
8625
1245
23
7761
-5542
-9309
-9635
-2154
3311
-3081
5201
-7366
195
-6943
7261
8484
-4050
-9685
-2764
1170
-685
-1365
-7457
5062
7053
5257
6560
-4281
-1263
-5234
-3569
6218
-3059
1659
-7737
3215
1582
-6174
-8931
6787
-4087
-1250
5491
-7391
-7431
9668
-7070
-6608
9658
-7737
-5765
-4104
-7715
2260
6739
9103
7403
-6885
-8604
-4133
-1347
-5690
4265
-1386
-9877
-3713
8372
6235
2045
-2473
-5194
-1871
-626
-1715
7105
-5339
2153
7624
-9571
-2932
9597
4415
5249
4171
891
5023
-5742
5722
4144
7129
8837
7836
4702
-2224
6508
3758
8251
-5963
2942
-4283
5277
-8857
-3623
-3235
-5185
-2545
2177
5782
-9831
-8495
-6551
9598
-2821
-8212
-3780
-7735
6574
6053
1156
2526
2038
6971
-5619
2243
37
-4094
9888
2340
-2380
-7751
-8919
-1996
-8064
6456
3188
-4044
-1601
4353
267
-2068
-4515
-5226
-293
1308
3839
-2542
3518
-6608
-4583
-6336
6035
7278
-843
6700
9218
-3578
-185
-2720
-8245
1147
8801
-1559
-2183
-5088
-9853
8388
5457
-5084
-5160
-2799
-1649
-6049
-2401
-316
-605
-6303
7548
-7791
-5175
-4339
1917
4403
-8913
-5311
-7054
9220
9353
2478
9314
864
-7375
-1643
-8069
6709
1436
-7230
-420
7870
-2243
3307
8113
1547
-7233
9277
4565
-6862
-5095
8481
9071
5908
-3512
6960
1936
-4758
4210
-1638
6912
-3047
6533
-6199
3243
6235
-8699
-3203
1124
6292
-7490
3513
-1840
7207
4629
410
1000
5812
-9976
-9586
-7760
-5670
-8138
-2313
-6205
4478
-608
-5253
-5311
5404
-8813
-246
-3159
-9438
-4435
-8184
-8759
1597
2271
3250
-6065
7206
-4272
-7343
-608
1590
8707
-3752
-2068
-1519
860
7853
-8254
2460
-3202
-5398
-7016
-6005
-7928
1022
-4684
2433
-9744
-190
262
-3397
1554
-4386
-3387
-7690
-7470
7739
-9881
8492
-1067
9148
-1577
8395
1330
-8428
-4257
-7922
-5222
-6707
-41
-6302
-3160
1966
8842
-1174
799
1613
-3385
8283
2482
-8779
9474
4429
-8295
8073
-3099
3859
4730
3542
-7880
5480
-3727
-566
-1939
8167
2069
-3899
-1768
-3913
-8651
7532
9087
1448
4130
6618
-4886
-8920
2816
-2388
3846
-3353
-481
4503
4946
-2891
-9318
-953
-143
4013
-9874
4665
-4314
-3603
-4315
5281
6672
8896
-7186
-5038
5371
9741
-7927
2915
-2938
2107
7608
6471
1689
4117
161
-9941
5907
233
-2675
-7981
3563
-8436
5473
3562
-9706
4113
-8210
-7204
-1049
-2345
-8302
-7695
3178
1550
-6202
-4994
-7368
9208
6345
7890
-8861
-6272
-9643
-7843
-3311
2738
9985
5470
-6916
-3419
5364
-1113
6942
5147
6340
-1816
6807
1431
6899
9311
-2318
1605
-8421
-3011
-5996
-3549
-1910
-788
4736
-8841
4039
-7111
6150
-6554
-9354
-5367
2561
-3430
7455
-4314
2575
-4952
-4355
-6725
-6124
-9198
-9094
6857
8162
-2323
-1865
-2640
6493
-8676
3143
7183
9521
4993
-1327
-2176
6171
-413
8297
-2868
-7135
-6094
9916
6502
444
923
-5444
-8395
-9029
-9785
-3495
-5144
-5280
2588
22
-1238
-7387
-3441
592
5454
-27
-7755
4483
-9020
-3011
-4821
7100
3605
-6264
19
-645
1315
-1277
9248
8791
-2494
-7200
6043
5485
-1907
7600
6784
9162
5307
4778
-7527
6101
40
549
-7769
-7437
-2101
6511
-8023
-6242
-6740
9899
2655
-4443
529
-6229
1813
-3796
-41
4654
-4343
4173
7678
1666
-9803
2799
-9971
4066
-8011
-379
3717
2619
6165
9298
-7413
-2154
-6371
-516
-1581
-4636
-6923
-8684
1384
6110
9540
4203
9773
-6579
4885
3209
-3166
-9041
4181
-910
-236
8729
-4776
-5241
556
-1891
-9098
-9917
-1558
-1196
4135
-1121
6276
-2945
5016
-5991
-812
6927
6527
-5683
8925
-1264
-5683
-8594
6822
1527
-2046
-8181
-478
2454
8170
8521
7762
-7406
4706
-5080
4380
-5508
-5611
1696
5990
-8376
384
-810
8575
-3926
-3947
-6110
1460
-6789
4943
-2237
1406
-5063
5231
4582
-9105
-1571
538
5547
3706
-5186
-6279
6764
-713
574
-2609
7163
-4626
-1011
-2738
-2857
-3640
9686
-7442
-8250
8324
-28
4411
5290
2588
5664
1734
-8457
-8895
-3896
-4230
2528
175
4819
3090
-805
-2547
2018
-6546
8950
6993
-2201
-1411
-7000
859
-4303
4621
-9824
6177
-7003
-8917
5729
-6265
8495
-8680
4985
7438
-4506
-2834
-7376
412
424
-3495
-5209
-2701
4646
6858
-6334
-607
1538
5181
5412
9361
-1252
-1891
-5251
260
-6098
-6862
2916
-1158
824
-2479
-4562
7649
-3554
5552
3555
7274
6661
-7310
-216
3399
-6595
-5609
-1878
-7797
2126
-7653
1177
-6404
8023
-534
-7172
344
-2639
-5096
5361
-6725
6942
4674
-6063
3997
-3776
1429
4124
6330
5162
6433
8934
7366
-2425
-6194
6636
5162
-9429
7216
2760
8851
2088
8
5633
-4211
-6698
6024
8142
1153
9707
6201
-684
690
-2172
-8582
7662
-4094
8674
-2152
-5350
-4958
4149
3428
-6884
-1251
-9142
9223
-3857
-7482
716
-6004
4918
-7107
-9548
-7112
-5308
-1909
-3017
119
-6881
-2714
-2189
906
-4650
-7130
-4483
9202
-2128
-9554
8225
3843
1539
9611
-5284
-535
-5684
-5476
7717
-7964
-5966
-4724
-682
5537
-9907
-7950
2379
6442
595
9814
-7930
5366
-3315
-1489
5531
-1804
5825
-2278
-919
-5707
-8019
-657
5094
-444
1790
-3261
-8329
-5683
5806
-5043
3980
8937
-8957
3640
-8429
2354
-905
7163
-24
8505
6424
-2842
908
-9902
8826
3566
-3791
5866
-2471
-3528
-1696
5733
-4516
4648
8482
9309
4781
-5665
-5818
-6712
950
-8976
-6202
9347
5763
6819
6683
2416
9837
-7060
-8864
1324
-3889
9396
-278
-1639
6671
-3205
4105
5139
4238
2243
7008
594
-8408
-1915
7008
-7135
6630
5552
-3408
-4360
-9335
-9790
2973
3830
-2624
-2735
2499
-5326
8432
-4128
4221
7776
-7717
-8663
-7518
-9359
4078
-8961
3195
7541
9925
7103
3655
1498
-2756
2747
1053
-5990
-996
-5319
3928
-1452
2567
2259
-8006
-6319
3492
7572
9311
1147
-5505
-2343
-9373
7509
-9505
-9402
5363
-4476
-3719
-1608
-9653
-662
-4788
4418
8968
-8159
9006
-5265
-5018
-6667
-5014
-8015
-8228
-445
6803
-4627
-2730
8892
-8219
873
-4383
-9230
-9019
-3612
-3484
-4765
1036
-6699
1412
-1554
-999
7741
-3472
1989
-2296
9147
-4358
-3012
9895
-6942
9593
-5590
3316
4569
-1425
4089
4513
-2070
5455
5886
9166
-3063
5326
3158
380
7423
-4624
2185
3832
3584
-8544
1546
7842
7583
8977
1048
-6054
-3891
-4475
-8596
8474
6673
16
-1045
3817
-5136
9428
8032
5314
4615
6121
7163
-7800
4179
6291
4874
-4942
4240
-2340
4686
-9558
6183
9513
1510
-4101
-8824
7739
8137
-5549
4588
-8380
9990
-3638
-339
-4026
3089
-7280
-85
2426
8529
-1565
-1528
1654
2810
-5481
-7203
7624
-8220
3025
-3597
-4457
-1150
-7170
7468
-9860
3235
-7590
55
4746
-6926
-7645
-5295
2142
7452
6309
8995
791
9740
4960
8847
-8810
6719
-5616
-1714
-6043
5448
-9418
2178
-1521
605
-3828
-6535
6994
-3497
3980
-3280
8225
1548
2072
716
1000
6549
-9669
-8330
9266
-1332
-4804
463
-3167
-1195
-2334
7031
7280
-3885
834
9559
463
-6047
825
9519
-8280
-6292
3955
9650
2600
-1007
-11
-175
-3991
3043
-2912
-8107
-7104
-5065
-5143
4053
-9387
-3611
7854
6771
-7298
2313
-7061
4919
6752
3364
8430
6565
-9388
2749
125
7014
-2037
-3691
2678
5040
5225
3382
8262
3323
-9305
6683
-3071
-5050
7415
6265
-3637
-918
-7079
-9445
-5737
-5907
8934
-6559
8638
4012
2085
-8969
-894
8287
-6746
8577
90
9673
6716
97
2177
-5324
-3142
-5498
-2039
772
-7082
-7855
9467
4628
5720
-3663
-9518
-5058
-6857
8146
1421
741
14
-249
-5338
9037
-2161
-4514
-2539
8306
-5871
5469
-7010
-8518
-1725
-9504
-5571
1755
-7485
8661
-7866
-4786
-1473
7674
-8130
-4610
6780
-6178
-3575
-196
-2211
-1514
281
6555
-9062
9683
-2272
7487
-1919
5185
6485
6554
-9425
8747
5400
-1153
6903
-5364
-8720
58
-8004
-7097
7370
-5987
4441
-4726
-1185
8374
-3061
8871
-8660
-465
-933
452
6369
5532
8465
4946
-9874
-8361
-6629
3264
-71
347
-7645
9980
-2884
-6583
7654
-3742
5918
-7752
-1243
7861
9394
3885
9829
-6647
7568
1425
-3534
-9336
-8803
5093
-9913
3187
183
-8665
-959
-8982
-1499
7539
2810
602
8159
5431
3726
9969
-1503
7665
383
-9961
4995
2533
8626
-8900
4377
-1990
9118
-4210
8868
-7953
3790
3923
1518
-5308
2717
-1777
-4373
3550
-3300
717
3298
-9692
1552
-1922
-7545
-7020
1738
6218
-2035
-5463
-7306
-9444
-3193
5626
6399
8979
6772
3994
-1434
6081
-3053
-3611
-2152
-1542
-8029
6919
-8193
-7239
7907
6905
9197
-8076
5065
3375
-7181
-8245
3675
-3666
616
-2523
2073
-1981
3933
7946
-7218
540
-6416
-8437
-1438
6463
9102
189
-9313
6983
7801
6147
4556
-4553
2033
-9477
3288
-1346
2093
4794
-2298
-9301
9682
-4956
-1994
1765
8823
5369
7494
6492
-8310
-9511
4427
8544
9329
-1373
-569
4077
-5843
-6543
8584
-2298
-2415
-4869
2869
-4524
9509
6295
-1174
5455
-4313
-646
4072
7694
5420
-3081
9188
-4165
8923
6504
-1900
5772
-4989
959
-2105
-636
-2244
-5331
6491
-917
-7665
-5379
-8037
-7698
-4372
-9258
-4020
3972
7074
-2577
-5486
-5527
-9680
-2740
-7184
-5473
9092
-6743
1123
7357
5934
-9192
7386
-5543
-9485
6294
-7367
1367
-3620
-2160
-1626
8047
4065
-9488
-3465
4268
1317
-5638
4234
-716
6922
6609
812
-2565
8596
9661
4506
-7557
-3300
-5368
2097
-8463
-1887
-7511
9543
5542
4833
6812
-3674
5054
-9220
-1503
6337
7957
4698
6541
-384
-9589
-8518
566
3730
-2693
-5827
-5548
-8318
-2360
-6818
-2775
-9801
3655
9887
-1703
-5440
6613
-7071
8008
-7894
-5448
-3248
-802
8121
323
-832
2813
-7931
-3672
-3792
5580
-5572
-2639
5890
283
6129
8697
-7516
-7404
-6882
-7594
-2630
2639
8545
9895
1659
3764
4868
-298
-2453
52
491
342
6500
3582
-3942
7439
62
-226
-5742
9380
9542
7724
-1482
4879
-9205
7390
-6860
7903
3757
-9031
8975
-5912
-9037
6109
-504
746
-9535
-5786
-7661
-7385
5161
-8414
6179
5912
-4035
337
-5373
-2118
-7225
6147
1454
-4123
-4831
6253
9297
2528
-2643
8335
-698
-3728
-9549
9427
7653
-8885
3906
8556
-7367
4120
7649
8397
-6632
-7907
-8376
-6303
2550
3542
2646
2425
-4618
3482
-4273
2962
7129
7636
2897
-9996
123
-8993
-7204
458
3154
-5932
-2148
8514
-95
-5379
7377
303
-3925
-968
-2699
-6676
-7626
-8556
-456
223
-8476
-5087
-807
5997
3673
-3272
5102
1751
1775
-468
4617
-5835
-8190
-5020
9342
3515
13
6007
-1543
-734
4660
-2906
-2678
7321
-1861
-297
-21
-9449
-9740
-9227
-7245
-7413
7819
165
-6326
6388
-3104
1599
-5147
6599
-7604
-4940
-839
739
-2313
-224
-6590
5125
-8587
-5420
5683
-460
4842
-6143
3092
-1580
7737
7153
1391
6911
-9212
-7409
1044
7699
5715
-8316
-2420
-7860
-9047
-8819
4937
-4335
-8934
-7539
4314
2949
-259
7197
-2983
4253
7381
7414
-4552
-8426
-8910
4179
5197
3814
-5152
3233
-276
-7612
-6289
7041
-7679
2430
5465
-9755
-1083
-4494
8596
4961
2432
-8937
-3779
-7689
-282
-459
3625
8073
1899
-9316
660
9196
-7354
-6005
-3559
-7831
-1217
8267
1062
-1172
-1762
-3489
3859
810
1868
-8941
40
4758
4284
-2417
-6347
-9332
535
-2887
9596
8557
-3067
-3963
1709
-9442
-6000
9549
474
2183
-4986
1296
-4670
-8462
7601
-4036
-6178
-3613
2747
3850
4349
5167
3827
-529
-3117
5414
1451
3309
-9693
-6189
-4988
-5743
5417
-6448
6920
4397
7713
-8616
-9924
1901
1813
4553
-8327
8138
2333
-717
3222
-8857
2730
8332
3259
688
9932
-9522
-6748
7208
5049
-2026
6169
8739
2697
-9366
-2134
1185
-6340
-4503
-7290
-9495
-3987
5437
9389
-102
1202
-3249
4513
-9978
9232
-1573
9100
7345
8581
-5425
-1987
2859
7639
-1709
-617
8419
6538
-4760
6829
3924
7531
-6720
-6203
1451
-6536
1029
-6793
8302
-1805
-653
-5460
9298
-9569
2137
5316
-2157
-5740
-2623
-545
329
-2657
-7014
-3503
-4875
-301
1354
7351
4015
5011
-5194
9554
9480
7177
3192
1239
-2857
-6247
-7643
-7975
8721
-6828
6518
7791
2180
4197
-9104
2835
7039
4939
-8197
-6304
-6722
-6973
-4673
1993
7539
4233
8948
-1746
272
-3977
-1290
7195
-5716
7553
2375
-3849
7487
-4212
4821
-781
7563
3780
-16
-7162
-3989
4887
4247
9296
-304
-5317
9624
-9184
-5162
-618
-6140
7093
-5179
2546
6427
7788
3829
-2812
-8713
1754
-5819
3245
-820
4075
-7186
2471
-5210
6001
-8979
-2215
-9537
9523
1690
9137
-2327
-5507
5275
220
6323
2615
972
4645
5893
-2345
-9044
-675
2813
6681
-6214
6061
-3425
-8711
4086
9793
-1766
-8693
2040
-5349
7803
8038
-2690
-3483
-8842
7929
-2776
5018
9961
-8004
2369
-7951
8669
-4740
-5866
-8920
-7615
5696
-2557
4245
-3739
-9219
-3934
1182
-8874
353
7921
5401
913
2089
8318
7632
159
1339
-9456
-2631
7040
621
1534
-3594
-4924
-2321
536
-4987
-5350
-4704
3331
-7778
-7324
2106
-9631
-5302
5389
-7216
-373
-1670
4714
-9678
-800
-4423
5357
-3942
487
-2033
-5739
-568
3729
919
7623
-1816
8354
-92
6568
2736
-8935
-6322
68
-6132
-8728
-1185
-9733
174
-759
-7653
-9855
4142
2578
4231
7964
-5826
-7002
-5229
-7786
6165
7732
1427
-9928
9734
5151
552
8499
9940
8373
1562
-8361
7566
-66
9623
7864
709
8080
7669
-5678
8733
7208
301
-5598
6538
3916
1200
-2698
-1665
7597
-2424
-5765
-3883
2098
-9942
-761
9923
3317
-7690
831
-2986
3645
-7361
5872
-1273
3321
2492
-4754
9698
6886
-6403
8226
-1506
-4052
-2126
1809
-6513
3269
-3091
-9229
-7700
-976
-9996
767
4569
-5530
7228
8179
9688
4854
-735
-1034
-9845
7256
-8230
-7302
6267
-6588
9696
3156
-5825
5617
2104
-2783
5263
4048
3743
-6931
8587
-3762
-1048
49
3471
3698
4407
4187
7003
2069
9780
1783
-418
-1299
-332
-1847
-5265
-263
3280
6168
-2400
-3177
-8659
8903
-7204
-6220
3681
-8817
8284
-3789
-7843
9312
670
6381
659
3510
6122
-1330
4738
6975
-5574
-7846
-6642
-4415
1061
7887
1073
-8199
-8415
-4154
-5554
2654
-442
-8158
9444
6411
5012
771
-557
-8477
9979
-9304
-2474
-24
-5593
5555
2924
-9946
3516
-9843
5773
-101
-4619
-5448
-692
-6181
-2618
342
-9314
-3578
5651
-7538
1117
-314
-1880
-7641
-2065
-8781
2774
-6039
1230
2470
7141
-3261
-2335
-9864
9385
2767
4396
-8714
-7353
-4920
-5756
8583
7658
-2059
-3682
-2772
-9585
9913
3175
6690
4950
-117
-4530
-4640
-147
-4705
-1845
-8164
-818
-1957
3341
9215
3453
-8122
-7162
-8989
-7287
5008
4750
-8823
7237
-2506
-387
3969
3022
2886
5651
-8515
5445
7237
-5353
3150
-8848
7117
-8651
5604
3322
-1282
8380
1878
9936
-9378
-640
5449
-9602
-5169
-8409
1650
1093
-9155
-4510
3043
7984
9160
-9573
-7023
-8980
-3618
-8991
58
8719
-6197
9432
3517
-8646
2466
3978
-2406
6098
9122
-7569
8308
2872
9786
9450
8415
8049
3384
-9152
-7498
262
7850
-2410
-2999
1593
-344
-3805
6117
7912
6083
9243
-1834
-6659
-278
9168
-8743
-7228
9344
-5544
-5466
-832
-8951
6416
-904
-6244
7659
8543
-9714
-7124
4985
-7425
6469
3528
8508
2796
2685
-8557
6927
4258
-1779
3396
9822
-4364
-7626
-6567
5381
-9013
-2186
4319
-530
-1012
-2596
-1085
-3195
2394
5843
-7063
9331
3415
-5602
7424
-178
-7693
-8245
7591
-8789
-2675
873
-9144
4139
-4423
8102
-1965
-4671
-2843
-3766
7079
895
-1583
7544
-5258
-9741
6868
4979
-520
-3615
324
-4039
4305
-2184
-5189
-5411
-5389
-8815
-1670
-2346
-6471
2965
-4541
3936
7722
-7521
-6461
8928
-9240
1727
-6636
6392
-976
-2909
-4058
-105
9350
322
-1416
6731
-7543
-4024
1176
3251
5484
3262
-619
-6424
-7212
7435
-783
3634
2858
-5426
5941
-623
2906
-9443
-1972
9268
-5154
-9447
329
-8430
7579
-3934
-5860
2483
-3555
5239
2287
-1694
-2982
8326
-4434
-8442
-8972
-2173
8699
-629
-3920
-5996
3698
-1577
3830
1592
-4018
9847
8089
-5616
5568
9805
8248
123
4231
-3442
424
-5273
7093
-7445
3426
-5300
2033
8578
-3826
4427
607
638
5714
-8388
-4465
980
7146
9119
-6883
-7182
1751
3086
-1833
-2132
91
6026
-8869
-4468
-1196
-5667
-7890
-5555
-8288
-1003
4258
4345
-3543
-1219
-6193
-7988
983
-8792
9079
-74
-992
-9195
-1852
9318
-6090
9371
6262
6049
-8665
-9585
1924
436
7984
-5085
-5006
-4394
237
9651
-7017
-660
-9103
8583
-4783
2485
-7838
-5425
6783
-7074
8574
-1435
-6841
-6019
-3519
-2964
-6015
-9605
9195
-2411
-5616
2667
5676
8870
2803
7322
-6146
-3158
-5774
9318
-7538
2496
150
-1564
425
2050
3420
5898
-3630
-4656
211
7658
-7613
-2740
5498
6981
-1666
1051
2847
5237
-5897
4332
1881
503
-1343
7328
-597
-6488
240
-8184
2104
616
3942
-8563
5800
9644
-5208
-9173
-8322
-8989
-5402
5074
-1852
-4862
-478
-6822
5482
1071
-6067
-5508
-98
-8833
8526
-8567
982
4845
-6385
-3579
7310
-5222
-5448
-598
-9955
5218
-3163
-6470
2416
1008
-1943
5784
-6399
-6457
-5190
-2608
-3003
-1741
-117
372
4775
2584
-3985
-5272
-6464
4157
8741
6818
2745
-6125
3967
-3611
-87
9889
7383
1350
2488
4248
-1382
355
-3259
-725
3804
-8932
-8236
7753
3630
-9634
-2242
-6429
7962
-8072
-2239
144
-772
5794
-6202
3217
-5063
-4390
-887
6481
619
-6125
8799
-489
-9872
-7608
7233
6975
-7729
3962
3377
4861
692
7101
-2528
-5750
1317
8592
-9755
3823
274
-4103
-9272
-8998
-4422
-1787
4905
5346
5099
8111
-2278
-319
3316
7015
5689
1067
2700
-8252
8021
219
-1126
-2089
-6484
-7186
9957
4676
-7686
-8926
955
-293
8723
-9841
-7057
-6285
5718
-229
259
2839
-8707
-4252
6711
6908
1492
464
-2962
-7949
-231
-2612
6990
-7058
4352
-464
-4778
-5854
-2106
1283
-9451
5242
-1443
9276
-1808
-6017
-2808
9712
8871
-5243
-1299
2079
3628
9564
5589
5530
-6417
4180
7774
1865
-3282
-8838
-3319
-2412
-73
9744
-7917
-3807
7484
8063
-1678
-2011
-3656
2274
-8663
919
9661
-8090
-266
9768
4325
1930
5390
-471
-5312
6032
-8556
2028
9640
-4384
4578
4025
-4622
1894
5609
5252
-697
-3719
5167
8396
-4226
5511
-1002
922
404
4305
-2767
-6890
-3011
-8857
-8346
5176
669
-5483
-6394
4124
1967
6336
9484
7874
7784
2712
1506
-1083
8657
-9995
694
6043
-5864
-7594
9952
-4201
1101
-7964
7766
-8744
-9894
-2963
7887
2063
4916
-4808
9694
9763
6120
-1317
-6482
6591
1374
8939
2677
-6191
-5279
-6832
7628
2067
5153
-4184
8073
-57
-3821
2845
5525
6975
-5641
-6664
2372
-4967
-83
-8694
-7261
-568
-4238
9895
-8964
4169
-4399
-8969
6149
-7392
936
-7912
-8721
-3826
-6818
-1138
-955
-4272
-8153
705
-2074
564
-7366
-5537
1372
-8208
-4969
6339
5170
-877
6339
-5138
-9712
8630
-3183
4120
9614
-6529
-1937
-1853
-3605
-1039
3683
8409
1509
5721
748
-4121
3397
6767
-7067
-6600
-8771
-6190
4199
-7320
-8676
8284
7241
5573
4162
6398
5940
8101
8634
4915
1738
-2571
-1271
-7933
-9204
-6583
7957
1385
8103
5987
4282
836
1757
-5720
-7656
4110
8085
-1225
1651
-6331
3503
6955
7684
-2069
7160
-5253
48
1707
9987
-8443
7157
837
-222
8782
-4251
-8843
-6737
5851
9793
-7677
6433
3674
2142
2345
-6129
-5641
-5736
-2622
-3974
649
-3108
-5742
615
4415
3628
1305
9882
116
-5241
-5652
2796
1531
-6790
3340
6130
-442
7316
3688
7153
-4408
-6767
-2167
-119
-6841
-4769
1858
-8666
9398
-2074
3256
-4638
7628
-9936
3369
-5857
-2325
-1544
-5540
-9449
-4946
5071
-8959
-8824
8080
-2460
3634
8921
8895
-8726
-5985
1941
-4391
2883
3683
-5750
1646
-3969
-3292
6463
223
7303
7821
5196
-5815
-3826
7874
1124
4284
1833
1121
7990
1976
2352
-2216
-525
-9466
346
1874
-7928
2275
-5577
-3971
7318
-1198
6118
-2618
-8051
-2822
-6266
4629
8001
-7153
1845
-3214
-5946
9564
-29
-9703
-2030
-5591
-7793
8277
1488
-6879
-3929
-6660
865
-5976
-2707
-2139
6789
-3589
-9288
967
4930
-2102
-1291
3612
-1334
8750
-5485
-2634
5743
-174
9865
6383
-5613
-5954
3353
-3523
4953
-6112
-802
1353
207
3327
2030
-371
-8785
6042
8870
6355
-5930
-5664
-3642
-968
9904
5335
121
5560
-7795
4961
1926
-3919
9480
-5204
-3768
3387
-4977
8673
-7933
4492
-6974
2461
5331
9570
4335
-4449
-1619
9258
9192
7736
6070
-3602
-2013
7254
7520
4036
8004
-7051
5123
2419
5988
9196
5964
7549
-4840
2150
-4192
3046
3721
-6097
-1400
3631
-3397
-4090
1661
-8322
4821
8369
-3381
5317
-926
5661
7394
-6979
-6559
6648
-415
-1295
3840
-8111
-5533
4041
-1181
-790
4422
9677
-8153
-9504
1621
-3307
-2943
8971
9335
2471
-1551
9303
9080
4610
2945
3372
8131
-9168
3942
400
-7364
-7311
9000
-832
-786
-6655
9958
5835
-4670
-6508
-5253
-4542
-708
9415
-1294
-8849
7448
-3676
781
-3182
2318
-28
-3490
9977
-5251
4423
9388
3797
-4308
5659
1737
1083
3482
8525
9515
4342
277
-6286
-2540
7799
3088
-124
-3674
3039
-4598
-3548
-8467
2814
115
2604
-9613
-8905
-5397
3227
765
-2153
3457
-2375
-7944
5748
9563
-7882
-804
-9193
7595
-2325
6756
-2712
1174
-4892
-9514
-3603
-7273
2024
7759
-7451
-2433
7698
-3444
-7984
8620
1799
4027
8687
-9962
2709
5564
352
-8430
-4382
3512
2809
1404
-314
5834
5165
-4310
-6989
-3266
-2274
-8047
7093
-7278
4625
25
3215
6508
-1587
8171
-8836
3751
-2668
2946
613
-2086
-3454
-8175
5148
295
3722
1504
-3926
-5667
-9516
5546
-2593
410
-2967
6326
5607
7169
9909
3971
5002
-7967
-5584
-4696
-5151
-4147
4169
-6851
-5648
7670
7926
3582
-9571
-4968
4819
-8179
-983
-9106
-5650
-943
-8184
-3700
-1015
2421
1270
-9304
8007
6954
470
-2568
-2394
-909
4432
-1968
-2328
-5592
9908
-9689
-8071
7253
5186
-3826
-1236
-9070
-835
1464
-5338
-501
-4115
-6632
-2031
-6665
-9629
6916
-8121
3669
1796
-3185
-448
1026
9662
-7699
-2645
8125
395
3929
1915
-3699
6932
-496
7325
4558
-7339
2266
-1758
-3871
8
9430
2987
7256
-8864
6425
6411
8890
-7952
-5796
8205
2051
-7542
-3647
4678
-7830
7937
-4575
907
2117
-883
-6193
-618
-8105
4394
3436
5499
-8669
-244
-2820
5235
4692
-9532
-219
9181
8294
-5187
3657
4131
6617
7150
-5038
4369
-8873
-1920
2832
-2233
-9670
388
-2872
-5557
8960
9513
6254
7223
6449
9999
-2893
3862
8446
455
-8358
8157
9397
-4749
6443
-5221
-3830
3085
-3171
7787
-3480
-3550
1741
-6738
-3249
-4213
6390
3671
1845
4279
-5777
8048
-6572
-9808
-5892
-7231
3903
1495
-4401
-3449
-2662
4803
-7193
-372
-7848
-4200
4269
-434
-3704
2118
5950
-2454
-5632
4965
-8515
-2491
7586
8994
5269
2955
-8105
8341
1755
9321
-4644
-1418
8887
2115
-1364
-9948
6138
-3331
4612
-1159
1159
6158
-7684
-1160
-6782
-3348
-1216
-954
5478
-8878
6526
-4282
-7013
-4316
2699
3642
8006
7767
-8843
1912
-9074
-5908
-3684
-1155
1165
-644
6322
1236
8711
9608
-6903
-2115
-5739
3295
-9888
3640
3280
-1988
3113
2283
5947
59
-9636
-6782
6615
-5017
-6904
771
6645
6065
859
-8175
-6170
3892
5639
8728
-7801
9449
-7753
1083
-6249
1437
5704
8920
1733
4438
-314
4304
5510
-9815
6351
4883
1485
5276
-7003
-6546
2154
186
-8933
-3719
-3521
4724
-8109
5016
5770
-5729
1319
-7645
5296
5553
-5105
-2416
-3478
5409
2898
-6680
202
-3080
2057
-3777
4312
9621
7664
4193
4539
3563
-1420
-7297
-8826
2193
1066
7585
-8128
-3271
4448
-753
5627
-3986
1002
-6227
-9767
2996
-7551
-7748
-6481
-1083
6535
5828
-3360
-6060
4549
-391
5210
7427
-7431
-382
7625
6503
-5316
6726
7790
1757
8991
-8850
8436
-3889
1396
-9629
-6313
-6258
5206
2569
-9815
8666
-4768
2872
2841
-2460
4607
-4255
1061
-7001
-5842
-9514
2570
-510
8195
-4039
4937
6441
-5517
4690
1613
5796
6321
2337
1564
-2995
-7671
4816
3273
-7502
-3095
4985
-8660
-9393
5868
4900
-5717
-3945
-6511
3692
6274
3126
-8195
-1045
-8458
1386
-7078
8067
-2594
7385
-4945
-9004
7500
-4359
6969
9424
-13
641
-5404
1295
-530
9052
4008
6696
5390
7547
9649
44
-6283
-3442
5335
16
9392
831
-2055
-2547
6802
-3061
7540
8596
-8710
-194
3462
-5253
2847
3617
-3191
-2879
-4525
7443
-6481
6845
-1197
-1062
6468
3931
-8794
8952
-1191
2605
-2990
-8262
-8179
3364
-699
3613
-2637
5418
8942
6122
1989
4497
-808
-9673
-6358
-7188
-7371
-7397
-1325
7732
-787
-9252
7020
2438
9500
-420
5126
7787
626
-5905
-3223
-6786
-9672
5369
1082
-5011
-3785
-2782
6649
6371
-7968
5489
-1932
-8381
8316
-4825
4524
3044
6282
-8391
6065
9226
3742
-5999
4457
-7618
7493
3080
7232
2633
3700
1693
-3967
5441
-1715
6076
-1503
-8792
8272
3274
7721
8372
-6006
8884
-3980
-7334
-8252
-2954
-1219
5865
-9447
-3584
8238
-2206
-4535
-2144
7386
-709
-1195
8721
6197
-3864
-2598
-2938
-6915
6408
-4166
-276
7182
-7536
9757
-2045
-8009
-3363
-1630
2900
7913
-1987
-6201
-5799
-2205
8147
9374
-9080
3084
571
9161
122
-5540
4181
-7055
2054
-2803
7266
2220
-9832
4940
-7670
-5009
4332
3085
7443
-6809
6987
-7385
755
-8487
-1946
3190
-7803
743
8492
-5618
-579
-1696
5247
5654
6753
-7345
3760
-7144
2024
-3653
-7569
-5590
-6702
